,Raga,Taokas Ts82,Chuukese,Proto-Mon-Khmer,Jawe,Muyuw,Novol (Usus - Dixon Reef),Hoanya Ts82,Dayak Ngaju,Saliba,Saek,Surigaonon,"Bontok, Guina-ang",Kapampangan,Kavalan F69,Tagalog,Gumawana,Kilivila,Molima,Babuza Ts82,Wedau,Sowa,Pazih F69,Maisin,Mota,Bwaidoga,Motu,Yami,Rapanui (Easter Island),Neve'ei,Itawis,Tomoip,Sudest,Papora Ts82,Novol (Bangir),Mwotlap,Kusaie,Lenakel,Suau,Shan,Itbayaten,Tawala,Wogeo,Neve'ei (Vinmavis),Itbayat,Siraya F69,Gapapaiwa,Tolaki (Konawe),To'ambaita,Pukapuka,Hiw,Takia,Aneityumese,Lao,Marquesan,Lala,Favorlang OL03,Lelepa,Mapun,Nahavaq (Benour),Sahu,Kuanua (Makada),Palawan Batak,Kalaw Kawaw Ya,Enga,Merei,Malagasy (Tandroy),Kerinci,Lote,Misima,Tolo,Kiribati,Tugun,Rarotongan,Dixon Reef,Nalik,S.W. Palawano,Amis (Central),Puluwatese,Proto-Lampungic,Asilulu,Proto-Chuukic,Imorod,Iraralay,"Futuna, East",Malagasy (Tanala),Äiwoo,Roro,Mangareva,Shark Bay,Malay (1600),Woleaian,'Auhelawa,Kavalan LTs,Ulithian,Puyuma (Chihpen F69),Malagasy (Sakalava),Babuyan,Saipan Carolinian,Ura
Raga,0.0,0.021462680433052758,0.013263066441265407,0.009790477984548893,0.013309697328222719,0.013184276728358656,0.01608925100042998,0.03080873573488571,0.019015647348906633,0.02044228074189914,0.01022186489897819,0.018033088241084155,0.014478584993083009,0.019346668538356062,0.014553593439109625,0.016416055255454736,0.020672809322981642,0.018712719309933575,0.019785990352205123,0.022005968425788208,0.016264525150782923,0.02194515934906791,0.01373072467033446,0.016000133347087303,0.02638554047281261,0.021743494186717605,0.024060970283901365,0.016416237167623172,0.021492421360789556,0.01533306629835204,0.016287445511789452,0.014098642089212016,0.01613265582963376,0.028183710054474388,0.018180187604715164,0.014386538300973403,0.01516616524851075,0.013647229765753133,0.02118140676494441,0.010362827109692947,0.01616662928080873,0.019230699100878747,0.021264697517900756,0.014835167411407894,0.01833698930789741,0.016527347514263067,0.01579140194964647,0.03737120457649946,0.021318556551217633,0.02549972106874065,0.0143645087518459,0.017415898102219586,0.013821756235562583,0.0093724348418238,0.02243141668623126,0.017405599386841577,0.016819072061337776,0.022873414804493005,0.019005579911928014,0.016310157549212417,0.014187996712206998,0.014039084082686382,0.021971047885456094,0.01247728660863962,0.01059026968092401,0.028988041069555857,0.014781221060684755,0.014674997539882792,0.016709144186549885,0.01923334037582874,0.03164171330478574,0.018959227126667245,0.02163994811535051,0.023672599237737988,0.014580750506865062,0.0201619319144929,0.017907675133823454,0.01654635434229509,0.016244726463736803,0.02217608612137558,0.024112416174175828,0.026631506123932395,0.019136791434734467,0.019992199741072192,0.02588104718522213,0.012676658265907026,0.015130577891553478,0.02474347413731806,0.02476985058176894,0.01920789282464585,0.016811901650319955,0.02208558725726144,0.020052722770238847,0.018772269764972545,0.021340196288546137,0.014038821224319832,0.016281215600592563,0.016722120805376096,0.018072129083899623,0.013588301925175749
Taokas Ts82,0.021462680433052758,0.0,0.01448007788065994,0.015138936396647828,0.014555841118049282,0.014832442664462365,0.01722149268576507,0.0291371312515674,0.019659870317648754,0.01674124085799288,0.012689357162426067,0.0199355713217451,0.01666707490342632,0.017398379307558425,0.018108397747678716,0.019653239474795015,0.01918730260318416,0.014980874229474769,0.018605386065723723,0.028022397126567403,0.018593297035365552,0.016358590796808962,0.019371988112667635,0.01627791059154333,0.01871860744864863,0.021262051970424627,0.020514255745999393,0.019774364441308298,0.0221601883875725,0.014279857021460477,0.020358874830064197,0.011964088346131064,0.01668956015917948,0.03153631626800767,0.014345898243002031,0.014582871899197915,0.01697569292344546,0.01427266152149531,0.016834019831301457,0.013906971319818598,0.020214374319883825,0.019069817612804855,0.020371580386201467,0.014089270418451002,0.02078318408385352,0.0233708976444381,0.01598695211616709,0.02395566110840101,0.01674660748366835,0.0195726376723436,0.01291209712644338,0.01730257933976719,0.014577423472172665,0.011918468064898264,0.01612647961704239,0.01830253683136364,0.024989756520104153,0.019062948300736564,0.023237996853805655,0.015432187449948188,0.014919969872615615,0.0184290123207263,0.02230173655895606,0.0164886355769091,0.012266554568189716,0.018429875648566248,0.012984940105902218,0.018410995218758334,0.017328062523267882,0.013544823885146511,0.018899043991917212,0.01591646622199633,0.01718808937124335,0.019870537240104676,0.015409268100906568,0.021440272450334644,0.01971998249325033,0.020165545063310763,0.01496532091223792,0.02254621261225348,0.02096823435072214,0.019677650410097,0.02105897023673936,0.021494898093594707,0.022338904441668243,0.013899136658692088,0.013380629210223273,0.01682413695259631,0.021215577801270993,0.018887968775412746,0.019316065223303022,0.016507149200804566,0.017729479634861687,0.022096038728030596,0.019630159257084005,0.02164825075331512,0.0142980044646533,0.018358160288261687,0.017021132644207636,0.014210107284941622
Chuukese,0.013263066441265407,0.01448007788065994,0.0,0.012093588309607838,0.014282506582407652,0.010968881880749933,0.014546073335060986,0.019239670767010213,0.011771638279670437,0.011726568482587045,0.008637487897678322,0.01385745454890846,0.013958883617598871,0.013987028356498591,0.012270499716791975,0.014475542529617998,0.01243290873149101,0.01103376430596298,0.01368554496317831,0.0157286285640587,0.01252822172414523,0.013253521404437925,0.009431605722804388,0.012940637135103418,0.013296872874107893,0.01209734767903344,0.013231211578103008,0.011993186023178363,0.017174783961074233,0.012868107687662273,0.015992064341068573,0.011731082278991728,0.012191923160301323,0.01633739509193066,0.011488456061196445,0.011912144811043178,0.015194302337748216,0.011885543559214196,0.01271842631328667,0.009468544251564015,0.011548189687500555,0.013683828140991939,0.015398918701122795,0.013335951126240829,0.013079486631432798,0.012686734546715218,0.01293354472472042,0.01882789313361074,0.015598323473445417,0.014551777407670998,0.011941036066358842,0.013575997172990935,0.010373323018559975,0.010138423401598994,0.016347076815188967,0.010735352091057039,0.011468197699391142,0.014266082712332095,0.01583759337659121,0.012844172508689841,0.011381140546270561,0.011164169335612859,0.013196999872862748,0.011700286516632245,0.01014431589355556,0.014031142550263795,0.010528616615750955,0.010568552731810026,0.014155338830565117,0.014049316314034343,0.01541008847519254,0.015557382295823867,0.013313883764087934,0.01517412572094156,0.012150929346613042,0.01274353624913433,0.014440523318303845,0.013524805842399533,0.04804898031419851,0.014068814390941582,0.013744638564343482,0.031992014268943325,0.014992931129418276,0.01374870507439226,0.016859688150074565,0.011291495003558036,0.012634740644380832,0.01633789905741968,0.015922214591112153,0.01553559007660565,0.01325459191828127,0.03088166975963554,0.012791530993419875,0.014616551122568025,0.030046175416602823,0.012688370387378991,0.012199755398686639,0.012659015614067896,0.05219143497763036,0.012018858690540887
Proto-Mon-Khmer,0.009790477984548893,0.015138936396647828,0.012093588309607838,0.0,0.011988174475123967,0.011000238158237276,0.011676785225347038,0.016864301056874864,0.011470267767969541,0.0123237358566505,0.011586510229064014,0.012848072053787463,0.014375066390235934,0.014125531929014048,0.014403059751734872,0.01275724377070094,0.010890993390013122,0.010142961537784087,0.010220467405440808,0.013818823859713055,0.009529145707187417,0.011583106444493839,0.01367695677842364,0.010701468984393076,0.012497169070688867,0.01027937988570912,0.011783790204731212,0.013349227506704793,0.0126176573628599,0.010104608203983527,0.01357891649771347,0.010760219801059234,0.010921137024604913,0.016981414218733306,0.010168491382399905,0.009793905347817577,0.011356833649789505,0.010453224957930305,0.012126519890292856,0.011715371437187993,0.012740158881211692,0.01197979845121292,0.011663165254107632,0.009897423161547682,0.012218990484674602,0.011565656031435164,0.010784906715354517,0.011637192409082857,0.01092019589843703,0.012474034547396283,0.010138482871299018,0.011982583701891826,0.009971993612058342,0.013607639186310421,0.010859696672438045,0.008547960865009944,0.009908561628490594,0.010778895246155358,0.011360265640704087,0.010330646408054306,0.010672462671414681,0.012610263599044812,0.012413489467598597,0.012051114919826654,0.01080447189063374,0.011559840315800353,0.00939590498087423,0.013370754315082032,0.0135778715575959,0.010657651394204116,0.010470865180647673,0.013214387455999142,0.011416067697420177,0.011806938206664163,0.009900829670962404,0.013356745101411082,0.012224601557785403,0.01317892579500849,0.01408274762172361,0.013550684751377131,0.010640775501148734,0.013511762876187572,0.012725523208405072,0.012572795609689904,0.011950179391796061,0.010443578561369828,0.008984834200685514,0.01172952346992536,0.013120925937793964,0.011746037242876815,0.013142369522435507,0.01414338904024528,0.009107533659416656,0.01326213944872688,0.015175987377701637,0.013672796061894124,0.009109160308273762,0.013558018875644453,0.012413591986034042,0.010209559794523437
Jawe,0.013309697328222719,0.014555841118049282,0.014282506582407652,0.011988174475123967,0.0,0.012775501956169912,0.012620887011903267,0.01494676642441877,0.012717637875645258,0.013071153095300936,0.009576315975534289,0.01260857663518678,0.012344363109720754,0.012336978650627677,0.010453928597523324,0.011105610349569701,0.011945181739120191,0.012566888591686967,0.010741941770773424,0.013339261989500587,0.011765748999200269,0.013441863561257587,0.013123293718735506,0.011021331309192002,0.012269810260248116,0.01421319857886178,0.013158367535746625,0.012079287341353375,0.014956950069223256,0.013663670357143097,0.015127394544873912,0.014164383894801293,0.014459513798314363,0.013227971540202993,0.012205805215130476,0.012314225273814433,0.013629931729189356,0.012417979168167587,0.0109385308901055,0.010537463743492237,0.011683835544498205,0.011459093202769954,0.011639404035594145,0.013328600253217887,0.013741300403857327,0.011436031430120275,0.013754415393036084,0.013477105350920903,0.012222335392253246,0.014828401693416138,0.012674468275568201,0.013996046827979235,0.012775792655724897,0.009371614926257626,0.014515722072193616,0.014987753140618048,0.011736538586585915,0.014937898604082987,0.011920469194701045,0.011440386509662165,0.011034836450137545,0.01273592581629909,0.013674233297658694,0.012186449645225557,0.010654615736951235,0.013780300985581658,0.01056105313676026,0.010807006721879031,0.012834741273667688,0.014754250178173776,0.013273620915533408,0.015028908431086516,0.014748605808906528,0.015130329621546196,0.012728789684367954,0.015294606626856623,0.01104581568486536,0.010725402558781032,0.017161266928531087,0.013064929240880237,0.01586110572545802,0.015018373362268057,0.013328765523686427,0.012827510860586682,0.01362833481893454,0.01094175451064613,0.0103195812022768,0.014406451765540977,0.013482701228761291,0.014468063055366336,0.012038477201609577,0.01490997955843666,0.013587174082894674,0.012656347646482066,0.015265066729081152,0.011874590746059283,0.009940122868784297,0.012085385432326332,0.016973152370085436,0.014502196020371986
Muyuw,0.013184276728358656,0.014832442664462365,0.010968881880749933,0.011000238158237276,0.012775501956169912,0.0,0.013864360399949077,0.018282438715276995,0.011714065663251014,0.015739671230118706,0.00846299284898034,0.012284117121727622,0.011842111201441316,0.014312426541565988,0.013290084239868716,0.012846469313299113,0.01735062429619375,0.02706826614700771,0.017669329590797773,0.015463559496541547,0.012064649192899414,0.010767903232822,0.011027017316238109,0.012220535715291414,0.013174847937627044,0.016960780783669242,0.012349243382794035,0.012004860422031085,0.015008492336547233,0.011351481048092787,0.013066133547023974,0.010084259036748117,0.014269234555883376,0.015442580968423979,0.013289954523832406,0.011473112261643588,0.009299386926195408,0.012256191511688518,0.014752441979967315,0.01066313762050232,0.01182076362388478,0.01229630772460392,0.015010706212599877,0.011799799288681493,0.014837639246616185,0.012735684308543242,0.013584253615446412,0.014138128587546244,0.012104904652759539,0.01251590967257108,0.012519580171330418,0.013231639714862532,0.012055699102555918,0.010575474943021653,0.012309215749130907,0.011306294740404649,0.011841027083659613,0.011412485058139184,0.011958766857993238,0.012039354524496657,0.011013789894184499,0.01368149007451612,0.01232070450552352,0.011318843038612846,0.011718145175091402,0.0154016018650205,0.010224618041086266,0.011847809192227545,0.01188908249733338,0.018698998818297816,0.01315090248024819,0.012435578781820196,0.01385965132686453,0.012027429164164853,0.012790045889971137,0.014033118614729913,0.013854178446353399,0.01149961308567612,0.012218940508977795,0.012309586713726294,0.012795761857685696,0.014960667172575532,0.014325571844450791,0.014044917734822464,0.014300800614206214,0.010534027864739766,0.01301740639702412,0.016821151378641677,0.013438206962032195,0.013361545599243092,0.011789031463619051,0.012077901376266246,0.016696207517670807,0.014465570073687328,0.014463634563809972,0.012000888332264703,0.010013302074050014,0.014283896231733779,0.012474571295480866,0.010511121944800144
Novol (Usus - Dixon Reef),0.01608925100042998,0.01722149268576507,0.014546073335060986,0.011676785225347038,0.012620887011903267,0.013864360399949077,0.0,0.018115336793219274,0.013853512650911193,0.014210940593836787,0.010487604115884898,0.014554686767187273,0.013024295629129205,0.014963469182430847,0.014372820095052703,0.014097488030087778,0.013749876576538471,0.01475075478982062,0.015269320810928832,0.015336412634582677,0.012179317572533887,0.019915433725132502,0.011416701036855631,0.013919410745390829,0.016938599940688817,0.01600831277165268,0.014878727491362164,0.011607171362831526,0.014582422894629653,0.02166437602292777,0.013376420101800898,0.012951486132336917,0.016287871413567127,0.017497850906466553,0.052870096605595954,0.01574780316697787,0.012658431024277725,0.013653526673330382,0.014779133155575485,0.009804816586295735,0.010759079463381296,0.011479217727783068,0.016885713475842827,0.02146517284753555,0.015026234559703049,0.012873843078630941,0.01441897074175737,0.018016341265589812,0.013843554388617,0.016301149505437686,0.014500639111625586,0.016289378389050275,0.01285378502287847,0.010033411658725956,0.016811710700422526,0.013803513272279194,0.013485798272365505,0.016220504364434445,0.014348154167304525,0.021916006895514664,0.013807593872353375,0.0164501662482479,0.014718307264979089,0.011574536647612647,0.011011052364110747,0.022852598022700482,0.011662743049918807,0.014430109549379353,0.014579879277772,0.01322876085513954,0.017623528065545575,0.013035088195634864,0.015319704892356666,0.015565424539128106,0.029604597965437424,0.01600718796188056,0.015501549483606894,0.012217604720725953,0.01790489763723917,0.014831005629720968,0.014982227800864471,0.021080663870850887,0.014978878998577838,0.015483008668831535,0.015522253337551226,0.01223722582568361,0.010967429862503935,0.018881671915594027,0.01581908028361221,0.016295066322147698,0.017321360426948443,0.018490487580363694,0.01407818788695073,0.014444156228282483,0.017582710510375514,0.01297539048313765,0.012346875295629655,0.014406254029107064,0.016548885083034894,0.013898923045955856
Hoanya Ts82,0.03080873573488571,0.0291371312515674,0.019239670767010213,0.016864301056874864,0.01494676642441877,0.018282438715276995,0.018115336793219274,0.0,0.02638840216595945,0.02038739458292737,0.013318628114414989,0.032378476661985046,0.025581393290510856,0.03116896690101166,0.020174375511758182,0.029317467473449755,0.023165166253808506,0.02166737634551826,0.019154888532370823,0.02788701856263914,0.020903184444862635,0.02160803699786137,0.020583977116637255,0.022119795138104217,0.027180646093415674,0.020560249181124785,0.027946242599725318,0.025439953395336553,0.024554900263690973,0.017026917275660497,0.026685036577360426,0.016332624961672513,0.01945603526928284,0.036380032797947846,0.01934304982162151,0.014313798351229595,0.018664150289495418,0.014996697133031067,0.020560203337284474,0.01324135156788497,0.024359056739279357,0.023876020432412947,0.020146732231215624,0.01757418366906836,0.029443318306080216,0.026978782950081718,0.017047620733051348,0.03274668843909302,0.023055364074076375,0.02674386496458631,0.01578013973266791,0.017242506157141582,0.017503494622237235,0.012951482269390576,0.02121308140075686,0.020756677239464137,0.02728167872454046,0.023218534249761866,0.02888589723356619,0.016722174190041295,0.01795905980254488,0.01980731109957987,0.031576530031156916,0.014577254035198358,0.018262946107518992,0.025121744328323894,0.017250921466527083,0.019526092339393234,0.01988939916608611,0.0219328857196711,0.02698571783915283,0.023072092806619163,0.026421732476219355,0.022139488323584127,0.014619222056040123,0.02443735361200701,0.030370154311494965,0.026233893496764825,0.01938414218671073,0.03151039756843611,0.03265420751719086,0.02403375405687828,0.030784192497219948,0.0300743499228256,0.02561991128981922,0.020921354584109726,0.012189155177701189,0.017933331791927423,0.023392422175407178,0.018407764440001702,0.025638418317754604,0.022490367868240754,0.02146697988735123,0.026252753158907783,0.02192423468928748,0.020942993277039752,0.020121866986318234,0.02333408059643373,0.0190794682835621,0.020229521311886545
Dayak Ngaju,0.019015647348906633,0.019659870317648754,0.011771638279670437,0.011470267767969541,0.012717637875645258,0.011714065663251014,0.013853512650911193,0.02638840216595945,0.0,0.01624314095798434,0.00996166901215052,0.021691758497837034,0.017412217580636817,0.020604048350255453,0.01710374721271956,0.01928959707022433,0.013561347226778292,0.013815962569237075,0.014241370507318723,0.017840017625402767,0.01146206400306903,0.014102980795098783,0.01592919209166431,0.015254147798662042,0.018764237124570836,0.014923986608664756,0.01599631300550156,0.01627024372205484,0.016151824886852694,0.01213625390400517,0.022549147999855,0.010917680954187615,0.012797082296665699,0.0247140081751198,0.013213827165198196,0.01122285384752703,0.011626807227612935,0.012006374539661531,0.016687619347852466,0.00899507617558146,0.021166267250122432,0.015218156839112148,0.015920364126872835,0.013370397290774601,0.018562302544735197,0.018492308997229683,0.01559387148241033,0.030782298260986565,0.013986030337183245,0.018458645379862818,0.010843125895310545,0.01397442793718446,0.011255006198077845,0.009895274213075306,0.01593713711233773,0.013595805645253914,0.01389607360356195,0.01613658159448813,0.024555263544994623,0.01249505101766549,0.013161906069286603,0.013310751101782642,0.02371482899169661,0.012228986971888045,0.011820812833741952,0.020107785857794623,0.016608186246442013,0.02275784531721815,0.012970951860410801,0.015761382519614654,0.01773590842583213,0.015231554831809394,0.021228050758840326,0.015139913978340988,0.012745377960944996,0.014583101948603275,0.026047820523829115,0.018860596558741914,0.014096021485953274,0.02778912155982782,0.022111660918379655,0.020040309349042593,0.021174580815091104,0.02031859667079243,0.018453376400368246,0.016501798597100496,0.011917897170894518,0.017159814702560224,0.01681491623609057,0.016909030412960435,0.026167042085212665,0.018247610759187523,0.014468654230209104,0.019685517689357078,0.013237672940137977,0.01555571553399547,0.01614448824666896,0.018163276094463728,0.013969533017440977,0.011253477882447538
Saliba,0.02044228074189914,0.01674124085799288,0.011726568482587045,0.0123237358566505,0.013071153095300936,0.015739671230118706,0.014210940593836787,0.02038739458292737,0.01624314095798434,0.0,0.007922594615113167,0.017824219853371202,0.011801584727279714,0.015468220333040393,0.012565924625388303,0.013144648445874032,0.021798715732168673,0.0208644729817138,0.02755307563178524,0.018974325072180446,0.015744076827690426,0.014476423986123362,0.011835713255833638,0.019631043158107066,0.01855933404957163,0.025359326104905273,0.021544005660214076,0.012835189432043679,0.019739217707648676,0.013713337576596134,0.013325222272230217,0.01117341798765622,0.01865774517659084,0.017949265906753026,0.01349912973822006,0.0116547289271143,0.014474268069892347,0.013363299938800777,0.0537446087344739,0.009928099838824532,0.01272774499356735,0.02607271661341489,0.016703137361894212,0.013847021780499888,0.01700135076864558,0.01682928023992124,0.01986897651725617,0.021270682091631125,0.017602399333121167,0.01924394355398424,0.011729941352044469,0.015338357034021463,0.014380801144926065,0.009817005492787115,0.017007858332111908,0.016843862735689167,0.014774393124967509,0.01659066812400727,0.015432839288198727,0.012448735716002616,0.01424608805243236,0.014166218741909467,0.016113021769372127,0.01346160183772994,0.010593783867556878,0.020402174324047225,0.011924992398308082,0.015758045720699783,0.014831504080313324,0.025380644137563656,0.022689512712250354,0.018139606818846767,0.018173147752552007,0.017355013442667863,0.013185855927952676,0.01658180049303424,0.013306649086390935,0.01574755320330561,0.014544828203881107,0.01768541466411846,0.01968263765789129,0.022265928866463176,0.017797753827817814,0.0161922456867814,0.023117178478188682,0.012994557940661136,0.013513807729273313,0.021321969498293673,0.016620423420439002,0.01448918411844623,0.01450946888405757,0.01875537021094915,0.04266033310037588,0.015608907754767913,0.017300432068944056,0.01277331843890527,0.012824245296476897,0.013071988065723062,0.015581767060360845,0.011429812552913384
Saek,0.01022186489897819,0.012689357162426067,0.008637487897678322,0.011586510229064014,0.009576315975534289,0.00846299284898034,0.010487604115884898,0.013318628114414989,0.00996166901215052,0.007922594615113167,0.0,0.010847737215271928,0.009516037319486336,0.0105307467957437,0.010808612430486883,0.010302348020875296,0.009607707929628832,0.009249531918253036,0.010108746494715427,0.012194370357241163,0.008973039235797018,0.011987458318733487,0.009648383974353109,0.010217731521413186,0.01113412963531727,0.011004089558837814,0.009763970745334007,0.009321943291881732,0.01021387588869632,0.010007921495021128,0.010486168696298469,0.010287671899260846,0.010082920907151235,0.011330663196040987,0.010791084019415557,0.0086765902368342,0.009093212882929882,0.008733633911930166,0.009487898941567539,0.030390604290958807,0.009061296718530888,0.010530215117119343,0.011553384256574891,0.009845779941322429,0.011288456749875548,0.00971671917003121,0.009513512619783358,0.012192175904295293,0.008686503152035847,0.010153481229955014,0.010973414765298437,0.009212945229581887,0.008280196542160336,0.023493495550628626,0.010271846259610517,0.010476484787111799,0.009348288763664295,0.010645610599135982,0.01089498427837709,0.009216012569527088,0.010263334361760683,0.009724038337056961,0.009476966334972928,0.009463898777844927,0.011023561024670721,0.011500675957222357,0.00869297949778865,0.010473405130060537,0.009108839835761998,0.009299706023544744,0.011267917544697349,0.010116210683459605,0.011553391764116648,0.011218526584760339,0.009804789623569832,0.012362328068470667,0.010835510444357805,0.009106535559286118,0.011163010115390889,0.008191465830503519,0.012078300092962813,0.012077969839562325,0.011109689986792994,0.01193981540228649,0.01013136742373536,0.009263663234771227,0.008913426585074786,0.012169314932761756,0.0125805973746644,0.011898453380108646,0.008871054515669026,0.011286930771745248,0.009172937392419674,0.009707827335963443,0.011168476552974113,0.010530356283244847,0.010588311219818137,0.009910563681068428,0.01004760380185848,0.0074993668577385715
Surigaonon,0.018033088241084155,0.0199355713217451,0.01385745454890846,0.012848072053787463,0.01260857663518678,0.012284117121727622,0.014554686767187273,0.032378476661985046,0.021691758497837034,0.017824219853371202,0.010847737215271928,0.0,0.020869313935602384,0.026202606896215865,0.017774159241590697,0.0280383710185597,0.016440203375899336,0.014939178867452411,0.015941227557976653,0.022908233654389078,0.01357695178077259,0.014018377636182253,0.017104188001313858,0.013965503252672557,0.017591752400447122,0.016684070059331025,0.017831822060388906,0.02065414794773755,0.017710603759227176,0.010033440370848643,0.02110289839834116,0.012898257876075257,0.01439128096028693,0.027750052037521417,0.011952039440396647,0.010837476473071182,0.012774894936945617,0.01162488371620857,0.0181732974602575,0.011938677066612448,0.024473872207921,0.015880640661870293,0.018405952047113844,0.011955502135854537,0.03690437068985716,0.023519131150203442,0.016004213912127224,0.029115795991011138,0.015978877718396088,0.019643113247899576,0.013027698738649509,0.012247764320553271,0.012179364042894478,0.010293110086061303,0.016002945942217843,0.016267222687574783,0.02016069093267671,0.01797481584768388,0.030181974275153636,0.012795195560358736,0.014215130516145844,0.012802652761041944,0.028742508442343478,0.01174535841486584,0.011824789213670736,0.02212027079141323,0.017184365114401606,0.01849520740108033,0.014855659825316253,0.016889477393120206,0.01664927137206116,0.01693661534848267,0.017026592006755093,0.01813027418359784,0.014421163525296278,0.016741679913770457,0.038104624422118344,0.023187206095981197,0.01632254932022988,0.023812607041454225,0.02241639316676461,0.022075762665738814,0.03360415236406932,0.03317363293421484,0.02142341187333392,0.01768738362610243,0.011950270946937791,0.019503440961957535,0.019255008185721106,0.01795456351238774,0.026363077857662606,0.017074381743082883,0.014951486910357211,0.021861914961623017,0.015931198420620397,0.016830361843034033,0.019937658604659906,0.02925866448738271,0.015480994404418174,0.011141436489526592
"Bontok, Guina-ang",0.014478584993083009,0.01666707490342632,0.013958883617598871,0.014375066390235934,0.012344363109720754,0.011842111201441316,0.013024295629129205,0.025581393290510856,0.017412217580636817,0.011801584727279714,0.009516037319486336,0.020869313935602384,0.0,0.025357386471683258,0.01749610563268342,0.025176631480455965,0.012310312213114781,0.0121302333758872,0.01217005826937717,0.016637993251596643,0.011214113097459198,0.014899236186455955,0.016487231583878794,0.011189311353620262,0.015081365769217467,0.013711026359519377,0.013457419716532843,0.01846527577211775,0.013229637968327806,0.01054417601347249,0.030028252543701145,0.012018889450515605,0.010464900584038697,0.021296702571223704,0.012405606450206535,0.010970133192162512,0.012598447550877337,0.012079579881189649,0.014389191801136321,0.011369580311929984,0.019956024166130792,0.013845547160066212,0.013670929328076654,0.011720719400689802,0.02092656838425732,0.01665103768671038,0.012367326315152666,0.023143512395479075,0.013770583747482157,0.015580531270773117,0.010857587606867313,0.012522597442374593,0.010493051109140682,0.01329706122756624,0.013567600681079593,0.012442374142060392,0.013126608788164398,0.01350791581860562,0.019052533921295987,0.010655695710540028,0.011982139657455364,0.013374541553159178,0.02600390969182049,0.009788630421649246,0.011006020601198053,0.015527797558252902,0.014376038668618711,0.014130208585759549,0.010725011348303818,0.012445209000283813,0.01487581583387589,0.01180268253460645,0.015920891541763703,0.012710404705896261,0.013045615597335256,0.015517725359691589,0.02221157046100774,0.017136077476055514,0.015260696204132403,0.020954370188066538,0.016662777910253793,0.01708389444165038,0.020061706976339515,0.021643494931380354,0.015501529607644908,0.013400079533363076,0.01019601951784186,0.017639594681408553,0.01287262451366914,0.014641979636450775,0.018426940926256206,0.015647356167141798,0.011226723394680147,0.016549869633811852,0.01572722463927048,0.01697992622371394,0.014400102515425301,0.019135847975009626,0.01668435668402581,0.010676088315603866
Kapampangan,0.019346668538356062,0.017398379307558425,0.013987028356498591,0.014125531929014048,0.012336978650627677,0.014312426541565988,0.014963469182430847,0.03116896690101166,0.020604048350255453,0.015468220333040393,0.0105307467957437,0.026202606896215865,0.025357386471683258,0.0,0.016626073006593266,0.033969488226742076,0.014497047556131713,0.015245340120275255,0.014103248209799635,0.019904617695948888,0.010780751669917555,0.016108773142619222,0.016271924249716605,0.013442089467915353,0.016879451709614773,0.01477676076045118,0.017792103502126438,0.020110610791840625,0.016725134644802936,0.013159058144367028,0.032542854405718885,0.012347487294297174,0.013154838948075431,0.02212828076361597,0.013813901806527319,0.012244328232680264,0.013920011186301508,0.012790314279597141,0.015689980199297276,0.010885524347099508,0.019494987193762067,0.011750308393311407,0.016862979416731216,0.01405474414942005,0.022459142559778274,0.017747610044604973,0.01284167257833415,0.02766833256673652,0.01525690278462301,0.020888030312203303,0.012629815706139228,0.015988454800493122,0.012163200778600973,0.011149084164117076,0.016884894777414727,0.01519617996846079,0.017207655739636847,0.015359518223314987,0.023874018200903117,0.012061740519183113,0.01290493702145098,0.013600246660473712,0.025482765764294164,0.011742794204749269,0.011629411154160637,0.019210702303039524,0.014158368440424401,0.015753965197214864,0.014396469660820414,0.01282402349212997,0.018289282404171943,0.015213268073680656,0.018507922089978444,0.0177123336758506,0.013643691358573058,0.018739758220550982,0.026550767480747518,0.01857175591720496,0.01603484967002843,0.02518891300300755,0.01836693144953776,0.019305447103969815,0.022753031792951538,0.023755708158091433,0.020919898139146163,0.013789402379055894,0.01046495288184491,0.020334660770340896,0.016427488172795962,0.014848562038143014,0.020342841258257464,0.01828224501027655,0.012992456842938984,0.01988663060583317,0.01583540116631036,0.019252226760831263,0.015461411709259985,0.018252904223316806,0.0163789910800229,0.012052534467898958
Kavalan F69,0.014553593439109625,0.018108397747678716,0.012270499716791975,0.014403059751734872,0.010453928597523324,0.013290084239868716,0.014372820095052703,0.020174375511758182,0.01710374721271956,0.012565924625388303,0.010808612430486883,0.017774159241590697,0.01749610563268342,0.016626073006593266,0.0,0.017347914996752603,0.012455218830572873,0.010921829349526515,0.01171712494062058,0.01782741451311641,0.010453957385391824,0.013660112110616865,0.021336010380838617,0.012373276595937382,0.014215539774988122,0.014642453419966643,0.014214063342408755,0.019480414605230995,0.012491118715655886,0.012953818316547714,0.018321650335680596,0.010557310506462005,0.012640748909809556,0.02174619837234181,0.012695565850741337,0.010763021957868983,0.013038755523366268,0.009799587200093612,0.01508898001017735,0.01032743368202738,0.019640637559555633,0.011491152293200678,0.013820706124108595,0.012928281337685933,0.020521764799675154,0.019409258122309984,0.011947093839573698,0.019489331148837503,0.011857742586760128,0.012644108025469909,0.013191279416156871,0.012189600257138285,0.010918569099832395,0.010228222673549055,0.012874569254017991,0.011795609599395596,0.015836460465512084,0.013158460369599672,0.017168304700304407,0.013654597546063333,0.011926380223670603,0.012556731065511124,0.018564411866388457,0.009712541857333796,0.010421204135831207,0.014142266007709958,0.011251417556007826,0.013393773073784346,0.013327696699534099,0.012030533735801806,0.01644325815159122,0.012668396584899063,0.013591534852774168,0.013884597923046834,0.011011850800900579,0.015785688256246856,0.019108171052056918,0.02057945092805189,0.015491504790597075,0.018696791154003013,0.014873426681389603,0.017178098847481976,0.020739861956265305,0.020286666171985972,0.01521482516929811,0.01227549682853466,0.009098900692701644,0.015464894010114617,0.013426139563300646,0.013563591493133059,0.015078603930553314,0.016088122837396662,0.013295110165755571,0.02811118271152388,0.01563250879884729,0.020346148753466544,0.012122334012223015,0.017075969027127297,0.017405306819811044,0.009037680076139526
Tagalog,0.016416055255454736,0.019653239474795015,0.014475542529617998,0.01275724377070094,0.011105610349569701,0.012846469313299113,0.014097488030087778,0.029317467473449755,0.01928959707022433,0.013144648445874032,0.010302348020875296,0.0280383710185597,0.025176631480455965,0.033969488226742076,0.017347914996752603,0.0,0.014398420199973424,0.012761871944478982,0.01403663279486925,0.01823680919101287,0.011766681365697354,0.014301509966220302,0.017877273955251374,0.014531981636338051,0.014634898703034705,0.013752730002793324,0.01378517203349259,0.020271859087409708,0.015538673963450893,0.011227188421226495,0.030655036915328757,0.01295111754568168,0.012280951864779796,0.0266913770370749,0.01155835274416021,0.010815873685456378,0.014464073389815802,0.013204658186815568,0.012819801609223141,0.01085113447961212,0.02295913470616531,0.014165868298366887,0.014785563737413111,0.011961276225227328,0.025885534126993803,0.018545898655607546,0.0117371446924112,0.02672146132738533,0.012976462442413567,0.016540290873825976,0.013559320829234665,0.01346552786199644,0.011209961294669576,0.012490153594158216,0.014421876827524714,0.012793707006456056,0.014988833622131253,0.014929229128614677,0.02543382320221036,0.01159291043307621,0.012697780514643138,0.013289046457942164,0.024243118831345244,0.01073088713071793,0.011887791009786293,0.016390194179867392,0.014169745093828118,0.017293222936061406,0.01256026443713638,0.012402419280728926,0.015313529555440039,0.0118704589739367,0.014432797507726684,0.013276723838109645,0.011863844645286935,0.017579628586489017,0.025707222869242135,0.017505926978289513,0.016818034477619453,0.021404819354894442,0.018345359795425547,0.01992287271096902,0.024975719877158353,0.025334916062170084,0.017544898448053195,0.015495919005945664,0.010084220800711216,0.015609603601160748,0.015414172282149056,0.014490206512627514,0.02119966866276141,0.017221327785718842,0.012619369005494343,0.01895805775271321,0.018219140382237167,0.018284833226333112,0.017150711935691905,0.022958457884712218,0.016175025974968112,0.011005787937701041
Gumawana,0.020672809322981642,0.01918730260318416,0.01243290873149101,0.010890993390013122,0.011945181739120191,0.01735062429619375,0.013749876576538471,0.023165166253808506,0.013561347226778292,0.021798715732168673,0.009607707929628832,0.016440203375899336,0.012310312213114781,0.014497047556131713,0.012455218830572873,0.014398420199973424,0.0,0.029141648457025063,0.025859871354419774,0.019213645252063653,0.02025055285032483,0.013665747512263317,0.01303764290712821,0.014596396406351866,0.016841533356226887,0.025206312111905212,0.01974312850626035,0.011971097605140386,0.0185037149126308,0.01411882574233415,0.014335346465266114,0.01065310199205867,0.015210740675901046,0.02252111240604698,0.012932060108284224,0.012789577288053034,0.013331321948513546,0.009462965865982388,0.023813094060108085,0.010505564218946816,0.01301315436674987,0.025885809636493468,0.016789514622623833,0.013389395168884294,0.015322358783674184,0.016458970241877625,0.017800230941307667,0.020250973935816277,0.016540012221474668,0.019396739155237677,0.013098669390751431,0.014330330609301155,0.011612244620652832,0.010474403355248145,0.016978986118489945,0.020665109607334996,0.013844737402970599,0.016268157745575135,0.017005203564895818,0.01364927740438302,0.015055169032578065,0.01476726302555995,0.015867933479382413,0.011084089806986995,0.009424346120849603,0.019297647723805118,0.01159517475572862,0.013206477534562527,0.013892966903140097,0.022488303905274273,0.019214672098334586,0.015674814535888554,0.015802200997385277,0.018646841061057035,0.014432116273970555,0.01729849133143973,0.015556500040873647,0.015958184269994048,0.012838762210298353,0.016605493346770993,0.018040090869424284,0.01850361857454772,0.015319120329461661,0.015329673068202465,0.01955122983556314,0.012113630079781505,0.013549135536542571,0.018884638950793224,0.019570841191425183,0.014929136075274047,0.013645688373950648,0.016464272582529374,0.02277685559321454,0.015132165135520785,0.012770541936347943,0.013488682885665957,0.014091859676651237,0.014662621938112828,0.0141373308159254,0.014319404733341623
Kilivila,0.018712719309933575,0.014980874229474769,0.01103376430596298,0.010142961537784087,0.012566888591686967,0.02706826614700771,0.01475075478982062,0.02166737634551826,0.013815962569237075,0.0208644729817138,0.009249531918253036,0.014939178867452411,0.0121302333758872,0.015245340120275255,0.010921829349526515,0.012761871944478982,0.029141648457025063,0.0,0.018264435586711543,0.015800905386395604,0.01495644125790798,0.01415426955612159,0.011904545336414458,0.014175460278511994,0.016239698177469338,0.02336427656212629,0.0160116555664958,0.014606236094082698,0.01710713863477566,0.012548832490069632,0.015791593204108455,0.012365932773555447,0.014018266800332862,0.019295197533990987,0.012278342999798767,0.012330949376385186,0.01229916686450318,0.01226248170807522,0.018700704367083713,0.010246314508970487,0.014657297032029724,0.0172285371554357,0.01786414182765968,0.013674027669435795,0.016013739095572653,0.016285973568458453,0.01591502736972859,0.023130757213753114,0.015061794952392496,0.018747887034241656,0.013672667385337962,0.013514756849240079,0.011940314097034254,0.009592234778727587,0.016517488450258185,0.015501485524063928,0.012478099276775206,0.01831097465672708,0.016249946727179023,0.012984244679473846,0.013900494479122553,0.014515099065594991,0.016401704476540747,0.011056981659492681,0.01028541937132739,0.019927552926389255,0.009291689170728529,0.012460167208008155,0.013411116272208583,0.01865939335970953,0.01889369742274373,0.014815115676807086,0.015137409347703586,0.015698043298417154,0.014139912163108791,0.015269622551405933,0.015580559577689002,0.014775171472305759,0.012597392936316263,0.016669856583693143,0.01725161787704144,0.01748821975718449,0.016256576857291788,0.016707910741576938,0.01904025661543381,0.01134670697888039,0.011569535723688575,0.016952790361228532,0.017196815542338185,0.013683470635269201,0.014383870050347794,0.014022902868266074,0.02196535719365293,0.01455484711208607,0.015106209790685348,0.011702565287016277,0.012136220683356739,0.01331175346859032,0.012159874303647483,0.01002317209324073
