,Raga,Taokas Ts82,Chuukese,Proto-Mon-Khmer,Jawe,Muyuw,Novol (Usus - Dixon Reef),Hoanya Ts82,Dayak Ngaju,Saliba,Saek,Surigaonon,"Bontok, Guina-ang",Kapampangan,Kavalan F69,Tagalog,Gumawana,Kilivila,Molima,Babuza Ts82,Wedau,Sowa,Pazih F69,Maisin,Mota,Bwaidoga,Motu,Yami,Rapanui (Easter Island),Neve'ei,Itawis,Tomoip,Sudest,Papora Ts82,Novol (Bangir),Mwotlap,Kusaie,Lenakel,Suau,Shan,Itbayaten,Tawala,Wogeo,Neve'ei (Vinmavis),Itbayat,Siraya F69,Gapapaiwa,Tolaki (Konawe),To'ambaita,Pukapuka,Hiw,Takia,Aneityumese,Lao,Marquesan,Lala,Favorlang OL03,Lelepa,Mapun,Nahavaq (Benour),Sahu,Kuanua (Makada),Palawan Batak,Kalaw Kawaw Ya,Enga,Merei,Malagasy (Tandroy),Kerinci,Lote,Misima,Tolo,Kiribati,Tugun,Rarotongan,Dixon Reef,Nalik,S.W. Palawano,Amis (Central),Puluwatese,Proto-Lampungic,Asilulu,Proto-Chuukic,Imorod,Iraralay,"Futuna, East",Malagasy (Tanala),Äiwoo,Roro,Mangareva,Shark Bay,Malay (1600),Woleaian,'Auhelawa,Kavalan LTs,Ulithian,Puyuma (Chihpen F69),Malagasy (Sakalava),Babuyan,Saipan Carolinian,Ura
Raga,0.0,0.7612586665471278,0.8005239799882657,0.877810431279018,0.8090722662413844,0.7760437345773886,0.7490577203467826,0.7578236493374105,0.7705694305694307,0.7341456513238266,0.8693558935670587,0.7604534622650573,0.794080552193533,0.7494361194361195,0.8037021837021847,0.7435122351193781,0.7291432241113063,0.7331363878014591,0.7459439951935403,0.7627775200989485,0.7421135253635248,0.7370868374544848,0.8246240657967462,0.7397747004530921,0.6982787402299595,0.7461560056752364,0.721133080104372,0.7579735591042118,0.7257146008069655,0.7612176001338561,0.7595490110364255,0.778363805506662,0.7725227848109203,0.765458441558441,0.7513707458000932,0.7645064003838038,0.7976792470511064,0.8104491977644691,0.729621897200022,0.866538263323978,0.7782324157324161,0.7461170667484438,0.7460615032954996,0.7629007990264528,0.7424611645664279,0.7717914605345543,0.742510961260961,0.6947963064504419,0.7378564210895939,0.7379592563205004,0.7736751422394985,0.7642579039318167,0.7835094755780035,0.8719494005725896,0.7481321147987811,0.747030177424914,0.780116898683972,0.7339213991137068,0.7719940449507756,0.7518060411810413,0.7656443046749168,0.7997439134939138,0.8025745570531667,0.7912299105808723,0.8335314783918849,0.695033108602627,0.772693568567355,0.7866084362315516,0.7674263270390419,0.7567479093973657,0.6990360946243303,0.7502921624315856,0.7278555115326953,0.7455952009181676,0.757855736647872,0.779442228966685,0.7337450893072894,0.754170105257062,0.8064540630052679,0.7885617242234888,0.7376831570181327,0.747502521153089,0.7455178346051359,0.7518936618936616,0.7250022571792908,0.7731820062949869,0.7768600763165974,0.7341016924909539,0.7446513861955041,0.7472267150838572,0.7648067807341992,0.7513718293085758,0.7578246557186767,0.7757425124051919,0.7738380116356305,0.8044066313803154,0.7520600810672583,0.7548413549041685,0.7931385281385277,0.7868589882339885
Taokas Ts82,0.7612586665471278,0.0,0.8160533803803034,0.8622743736189119,0.8118874731969971,0.8010258582932998,0.8007575313575311,0.763834815977673,0.7692079288233136,0.7646255998392941,0.8549688898526112,0.7839584511096134,0.793061202363528,0.7531754783677858,0.7752748293373293,0.7480290222597911,0.7660884135821473,0.7629053318476396,0.7762713566161413,0.762762087180692,0.7748197840410951,0.8151869771055814,0.7856081310182875,0.7744991808008331,0.7733898817232151,0.7674535548485129,0.7608278900586587,0.7534621404581081,0.7586037419370749,0.7948577477647242,0.7639771189189796,0.8050533227456301,0.799852283460774,0.7579976873409077,0.7896278374403374,0.7941874340130153,0.819490908820177,0.8324863408196739,0.7715539221083569,0.8447171631787019,0.7715995649649492,0.779911749271505,0.7766316000915349,0.797748107448107,0.7389813240019851,0.7545858462525128,0.7818241058458449,0.7408054819112508,0.7764342892249868,0.7644057758480831,0.7977775723838714,0.8004478427555348,0.7893020378314494,0.8511380221341163,0.7681359983685564,0.7685562007437008,0.7730641187334095,0.7617203463203468,0.766849311326055,0.7875909305043162,0.7786884524689396,0.8241136641136642,0.8111836658711656,0.8039735112977296,0.8151015091539286,0.7756395234701013,0.8031606414418914,0.7918871753246751,0.7810501179913925,0.7711086386291303,0.7591849068039536,0.7748672408556133,0.761546614453591,0.7751212719235971,0.8057579661393218,0.8205765406395659,0.7480449998719227,0.7494503326534576,0.8122404063441798,0.793853152056277,0.7503995067983159,0.7816230843885708,0.7367818639693638,0.745410733334462,0.7618772592609796,0.8101948073627763,0.7915566698259004,0.7849660260374547,0.7703156751385093,0.7633761883761883,0.765093274494101,0.7863405069772993,0.7780704078530164,0.775434008282845,0.7965552178318134,0.7641302690083176,0.7802515099026724,0.756088967899991,0.8302764253006971,0.7960348119622312
Chuukese,0.8005239799882657,0.8160533803803034,0.0,0.8792684700407217,0.8199754901960786,0.8269593253968252,0.8292725864991491,0.8262376385082805,0.8156062323919467,0.8070703687711362,0.8708265911542618,0.8154244306418221,0.8382009483571987,0.8137707001992716,0.8165776490776495,0.80981833642548,0.8076340857769986,0.8224605073289288,0.8207318837587179,0.8168140589569158,0.8163849206349205,0.8104904082845263,0.8430878185388494,0.7937923745712692,0.8149999999999998,0.8210055222555223,0.8125309831051462,0.8121370742601899,0.8062099264993349,0.8099592867450016,0.806503275095952,0.8218622448979597,0.8346964397811856,0.8328761904761908,0.8235107434835693,0.8334452006327014,0.7847720746590094,0.8349713504885927,0.8186604772542276,0.873325774754346,0.8404473344690742,0.825189039984958,0.8227878242800384,0.8083700694302794,0.8159623490544543,0.8116240343450288,0.8164700034265249,0.800966159988716,0.7804778554778559,0.8089006952643318,0.8374449944994504,0.8031216234114784,0.8278738252723028,0.8589487002530483,0.8029902196568867,0.8286894319131163,0.8231426635694931,0.7913630813630812,0.8039377289377296,0.8320245310245314,0.8134009556203438,0.8426107820750685,0.8469824293353703,0.8349028375470691,0.8335058342672554,0.8110538154655801,0.8415308599167821,0.8213347582066176,0.8246139581808196,0.8194530710835054,0.794060262994087,0.7993692939005442,0.789579480659578,0.7988598389914178,0.8233417019933875,0.8420716285526069,0.8068632391000812,0.8015835881777909,0.586005928475808,0.8297609321506383,0.7922116642252108,0.6295183982683983,0.8010336738511342,0.8065522990522993,0.8039321789321795,0.8414300976800976,0.8298635073997398,0.7967934377330351,0.7985215424553658,0.798757558578987,0.8172882822076376,0.6354298144960789,0.8315634018759022,0.8131844763423717,0.734673406399597,0.8268222639933169,0.8210685978030473,0.8025743798356864,0.6333878968253962,0.8383428932178932
Proto-Mon-Khmer,0.877810431279018,0.8622743736189119,0.8792684700407217,0.0,0.8608161446396745,0.850214076858814,0.8896872730444166,0.8633045447401885,0.8580701366696137,0.8760125413801887,0.8700596287897878,0.8514598997493737,0.8828016062884487,0.8649471529052679,0.8473150468764505,0.8641246043078508,0.8781206866804696,0.8670060568086885,0.8757605327953981,0.8570366204224475,0.8731286806286808,0.8585996519820049,0.8654370754089855,0.8693240957585225,0.8703091060985798,0.8687008250904904,0.8704465709728874,0.8551085818942963,0.865032149223326,0.86610032739065,0.8598462023853963,0.8699339600190389,0.8960828707761226,0.847180081472117,0.881408257747544,0.8791508956430427,0.8682002543190394,0.8789165474005899,0.8783490932993778,0.8450729244577416,0.8692966498522057,0.8677834136397674,0.866795862730119,0.8652195657877478,0.8594470475862516,0.8683857725273391,0.8637651659581489,0.88198939039103,0.8629109909869082,0.8585461760461768,0.8605437580437586,0.8454392610313662,0.8716208394779832,0.8475130890052359,0.8603109098503845,0.887966720779221,0.8604267464561579,0.8493454812977289,0.8463624338624339,0.8704201552415844,0.8585813492063489,0.8787445320822289,0.8815682631434076,0.8704978354978363,0.8661469857303193,0.8525828460038989,0.8862968591692,0.8505257492962411,0.8653818397408636,0.8710628922111485,0.874046985815604,0.8741262778961195,0.859673414820474,0.864274796840587,0.8870426863525026,0.8702656206991468,0.8587468671679201,0.8528741427012705,0.8897245874067069,0.8496083959899753,0.8614347328251073,0.8781550068587104,0.8558350855493709,0.8655576739152321,0.8600626566416046,0.8895009238263211,0.8773148148148151,0.8930926687221654,0.8614929052429059,0.8618805962555964,0.8517737947562514,0.8817050691244245,0.8898022917253687,0.8514158979473119,0.8479208231382146,0.8728230970418476,0.8808521303258149,0.8660616705698672,0.8872772918691287,0.8756261456261459
Jawe,0.8090722662413844,0.8118874731969971,0.8199754901960786,0.8608161446396745,0.0,0.8038001407459537,0.8234399022962854,0.8298112526886112,0.8165572036895572,0.798265863294116,0.8696448313985636,0.8057529860128881,0.8425926521223557,0.8226822673513856,0.8517966763132517,0.8172187561893449,0.8126526514717807,0.8074517163187115,0.8230800881265279,0.8205780228758168,0.8233125717819596,0.8028651555033469,0.8395406254533245,0.8172364672364673,0.8149944720840248,0.8128628279806294,0.7999917365065151,0.8170085470085474,0.7753808726170537,0.8048805151077882,0.820552105803481,0.8050990471946352,0.8113737498853111,0.8386693338537602,0.8211662257495591,0.8258867705912041,0.8094993894993896,0.8320142169388405,0.8064348218271091,0.8402719421101784,0.8324169985679895,0.8168255428021052,0.8172549840706808,0.802264955788892,0.8171555321555325,0.8095044472163117,0.8066485751902419,0.8191999666999669,0.8095146574826383,0.8047841184540693,0.8264644267182342,0.8072417956081327,0.8249219620333613,0.848890468293454,0.7898659359250494,0.8102513227513227,0.8221424583233635,0.7986056049213943,0.7917049740688357,0.8275159100159103,0.8101025988979353,0.8327611726508795,0.8420342180588091,0.8204621835471595,0.8243846682965853,0.8201216356107665,0.8325089285714296,0.83737271987272,0.8047646421565104,0.8137433862433869,0.8118849206349207,0.7907360378895038,0.794651785714286,0.7990263294450489,0.8276424325993293,0.8238239336703027,0.8120040810311754,0.8173281389699305,0.8304216574155223,0.8213358458961474,0.7944510960842619,0.8142708046609785,0.8063085239036328,0.8100911896745231,0.7874130111814844,0.8410390146157481,0.8160190126155477,0.8092511607817725,0.787801108718194,0.8015091390091386,0.8206038283386351,0.8159107508033887,0.818267797017797,0.8268091719446409,0.807345488293069,0.8409487540535934,0.8332421683406913,0.8197001309114714,0.8343418259023359,0.8215134213858708
Muyuw,0.7760437345773886,0.8010258582932998,0.8269593253968252,0.850214076858814,0.8038001407459537,0.0,0.793833602406901,0.7920904640530809,0.7792598026973029,0.74001273648618,0.8600577731092437,0.7722493224932249,0.8072861941187187,0.7842817772505281,0.8071115855762602,0.7721826784326781,0.7373643896344528,0.6746174832112334,0.7519561769295083,0.8077852004110998,0.7877064797290927,0.7958919106196332,0.8307868491462248,0.7881553631553632,0.7757654450669164,0.7741418232397614,0.7944894946706539,0.7789482122815455,0.8036888967859118,0.7765483549065642,0.7823401491533716,0.8115484342046848,0.8040945165945164,0.7983742959549412,0.800617965971227,0.7839813705711767,0.8210526840551969,0.7993794915205804,0.7632313621515191,0.8403769841269841,0.7914248036214061,0.783062682074162,0.7904967019811223,0.7899982911825019,0.7840301159745605,0.7890766201520393,0.776997683555061,0.7943137757069049,0.788431821684249,0.799286603090951,0.7936339285714289,0.7931217224509907,0.788930025473393,0.8449341850561363,0.7996885463511682,0.793585705887293,0.805927457189773,0.7721035297460169,0.787864077669903,0.7851400762832932,0.8074745624745626,0.8038615230922918,0.8261307390339648,0.8152175354168109,0.816052746856318,0.785375064004096,0.8445373288204172,0.7836254864663955,0.797386158297146,0.7459601873536302,0.7780027109853846,0.7963628132924258,0.778182384064737,0.7998770486089326,0.7955629810264643,0.805893635811669,0.7731902179017566,0.7950372594884795,0.8310858585858589,0.807403151029389,0.7817226880655096,0.8076043083900231,0.7677532352399379,0.774939515496581,0.7846129514607778,0.8458872707659122,0.7981306972160633,0.7903877091377088,0.8024117590330468,0.7809547430083141,0.7808212433212434,0.8082347282347283,0.7621017946837615,0.788293650793651,0.8179619322476465,0.8231303015033176,0.8375399090978807,0.7722312409812416,0.8407120395327945,0.7943975468975473
Novol (Usus - Dixon Reef),0.7490577203467826,0.8007575313575311,0.8292725864991491,0.8896872730444166,0.8234399022962854,0.793833602406901,0.0,0.8017682185539325,0.7913441665394791,0.7907886184163272,0.8885866485072839,0.7827631871052926,0.8250727415858999,0.7790751710673581,0.8204401460942161,0.7684723407379656,0.7748414397935929,0.7756210369491616,0.7845773819336277,0.8045387344827649,0.7944582891304208,0.7604115183062552,0.8394445446528782,0.7864529141168487,0.7357355827593921,0.7766716213643587,0.7756970777913178,0.7831162234850763,0.78679246007875,0.7252192471271423,0.7916063391418448,0.7982287171740302,0.7875514729173262,0.7881379983652709,0.5091798394975192,0.7673454222282348,0.8064524989662352,0.8264436361510833,0.7799479234872484,0.8838506111943616,0.804995397272884,0.7983430895378407,0.7960583898787903,0.7095249195249195,0.7851661671661676,0.7979490251811676,0.7951751598075125,0.7518236652236651,0.7804536432154233,0.7956628595372054,0.7915991094467033,0.7881915599020861,0.803399409062393,0.8844465499227405,0.7928016866174763,0.7816983236474755,0.8006028359637989,0.7530376703610402,0.7856444140654666,0.677710531179118,0.7803779477122017,0.8182086721149227,0.8235256507058839,0.8321670106209587,0.8503677793512958,0.7460876742305308,0.8092196515068855,0.8118307440422826,0.7893853204804689,0.7824007052077226,0.7588675287087988,0.7916121013489439,0.7801980037506352,0.7982492057099387,0.5342419473407496,0.7932196416300462,0.7679311140248641,0.8002017382969764,0.8123302623302627,0.8006714319548546,0.7818162833283797,0.7945246504337412,0.7685148982562774,0.774296520472991,0.7706953096351001,0.805451821570243,0.8027801532382682,0.7785680546471913,0.7998625038063533,0.7809913978426639,0.7812696589586122,0.7866454513228708,0.7937569902482179,0.805092464254768,0.8038342072240378,0.8157319689099353,0.797044048156613,0.793914805595134,0.809292133792134,0.7860138810138814
Hoanya Ts82,0.7578236493374105,0.763834815977673,0.8262376385082805,0.8633045447401885,0.8298112526886112,0.7920904640530809,0.8017682185539325,0.0,0.778843315196526,0.7750636320798492,0.8803768505157398,0.7777456743053074,0.8014426674148899,0.7395546222381081,0.7940857555143274,0.7524999338072731,0.7879370629370632,0.7771459636042968,0.7892352036291427,0.7575589000822648,0.801875017683841,0.7978556866171549,0.8061587166727354,0.785866720425544,0.78575170934984,0.7799881773891674,0.7616608417067133,0.758426147746536,0.7900130006262077,0.7951982141202322,0.7633160306771416,0.8059595794114143,0.8144562508198869,0.7297166305916306,0.7917129447432476,0.7921407720719644,0.8250266098038375,0.8255571996138032,0.7631524427952999,0.8614031865178655,0.7800869141146919,0.7971696604049546,0.7863454711289681,0.7840677666149363,0.7659351451018118,0.7480224008795435,0.7774618422814299,0.7496425826588868,0.7755379813866051,0.7844381313131312,0.8081129693157998,0.7824690218038841,0.8081085020478959,0.8506372132540361,0.7831614758698094,0.768536556036556,0.7736520295548073,0.7718299912875388,0.7662335976588316,0.7863821843774672,0.7845277985902986,0.8102964441267192,0.8136234276385789,0.826163841350757,0.8261660214785216,0.7829956022813166,0.8244055969750416,0.8108672438672437,0.7981458924505161,0.7771258255633253,0.7577142658564676,0.785922218213885,0.7708026027470468,0.7816684207739252,0.8077804956481429,0.8010104581886762,0.7389205958650407,0.760006776712384,0.8337591403602639,0.8107293445596196,0.7443442171036507,0.8017076136921495,0.7517198221279852,0.7593524531024533,0.7622651813018787,0.8170865400032069,0.7985207580391064,0.7756589575883054,0.785588697387763,0.7771206967635539,0.7788614718614716,0.7906087959659388,0.8013297555823327,0.7796743893966114,0.8004106318921133,0.79129045557617,0.7863317366789586,0.758308939737511,0.8130476846385936,0.8020344239094238
Dayak Ngaju,0.7705694305694307,0.7692079288233136,0.8156062323919467,0.8580701366696137,0.8165572036895572,0.7792598026973029,0.7913441665394791,0.778843315196526,0.0,0.7656309369011848,0.8616271067120583,0.7123049856745509,0.7609564914252416,0.7113072047000618,0.7731322881322887,0.7070813577956433,0.7758198329231417,0.7829104441544638,0.7879033703813869,0.7917106009070296,0.7856626984126984,0.7985958145884627,0.7953445537852757,0.7779748308642775,0.7709714743251334,0.7831013893513892,0.7664368393435376,0.7362901266795743,0.7717815469970645,0.7791421427505172,0.6910741573594358,0.8100337129801418,0.8035967014780575,0.766963492063492,0.7973308922357837,0.7795326201576207,0.7976775109312803,0.8245090295582904,0.7767049826620142,0.8478107606679043,0.7366146400566692,0.7806719747089644,0.7787549192285357,0.7922436783693328,0.7202319245082406,0.7582013903837109,0.7826797221498311,0.7237597511093751,0.7814066142191144,0.7613117677112891,0.8172360986098615,0.7850283372022504,0.8005864482387328,0.8527690640009484,0.7702719918299633,0.77183118781803,0.7842445799457994,0.7763795463795466,0.7096969003219005,0.7819032287157291,0.7707842823276497,0.8210998194926766,0.7663939818351588,0.8095780154674392,0.820904842478447,0.7680052048367558,0.7557399585312209,0.6953070728824495,0.7888197451288886,0.7734014249639245,0.7580535749653399,0.7872605692918195,0.7456979643872849,0.7824599377230962,0.80606848675669,0.8026790615785181,0.6800648978878646,0.7443041593403921,0.8162215963420785,0.731842939195881,0.7513906557317882,0.7950020702151384,0.7267060247218977,0.735745778245778,0.76099019932752,0.7563286539849042,0.8013012282939816,0.7770193546200255,0.7813762626262627,0.7820420403009688,0.6811533150242831,0.7946853431040178,0.7800109989648034,0.7609846758770201,0.8089964268535694,0.7957252980937197,0.7467335694608425,0.7198826020434065,0.8206281565656564,0.7853769841269844
Saliba,0.7341456513238266,0.7646255998392941,0.8070703687711362,0.8760125413801887,0.798265863294116,0.74001273648618,0.7907886184163272,0.7750636320798492,0.7656309369011848,0.0,0.8698156854839383,0.7620758931806279,0.8049362191291898,0.7797491262644715,0.8034800184896097,0.7642886205865752,0.6984157125838415,0.7177958091150552,0.6943020661031568,0.7903550638525062,0.7288578431372543,0.784156188728117,0.8254618466704864,0.7370432343791786,0.7537701983971709,0.7044622316681137,0.7213367974433076,0.7712463407778217,0.7583805835013031,0.7893159140635002,0.7785559617802152,0.7824504995967062,0.7636068645914106,0.7946516214270876,0.7785999248184124,0.7798418734954998,0.7942444267354692,0.8215287690512266,0.5344041453933458,0.8539006914433173,0.7965309590775873,0.6966525109044616,0.7631599399435739,0.7878395911793745,0.7783349429391354,0.7752232491100378,0.724205761913562,0.7419576158013513,0.751204619829691,0.7443401698720091,0.7948143992445462,0.7729772877369717,0.7999085951870369,0.8547205817858932,0.7552821187315758,0.7435235146690257,0.7952786391463587,0.7603330789059225,0.7713248595816745,0.7943010329804899,0.7517401495230123,0.8158608780944673,0.8322161930725946,0.7942077620999192,0.8125126677343761,0.7505670066984106,0.807993712113895,0.7871937727428411,0.7614361302553974,0.7221890015887773,0.7493023672115111,0.7612847578055613,0.7591299581483579,0.7589521201243071,0.786299571031891,0.8044066045030364,0.7683883308454984,0.7651936036225854,0.8107151332447243,0.8023077412783294,0.7340205519824766,0.7567010111254526,0.7690325092928109,0.7728409537353602,0.7365388042536815,0.8060261044550859,0.7585642446187639,0.7365767824314998,0.7645746312998282,0.7903907838387877,0.7891171611880383,0.7515707715088986,0.6295858083022399,0.789352760080202,0.7926607174856476,0.8047940725111591,0.7844240160024,0.7742256406694908,0.7926842687592874,0.7927917515491046
Saek,0.8693558935670587,0.8549688898526112,0.8708265911542618,0.8700596287897878,0.8696448313985636,0.8600577731092437,0.8885866485072839,0.8803768505157398,0.8616271067120583,0.8698156854839383,0.0,0.8575328742608158,0.8795266251363818,0.8752307226214998,0.8599958573172862,0.863286821053811,0.860634588844318,0.863921796360821,0.8714531349463601,0.871839671120247,0.8690157558177862,0.8679210369508884,0.8808141247931822,0.8496021622934892,0.8583097595473838,0.866261714992184,0.8745730827438152,0.8766277939747331,0.8398303571428576,0.8648222402597407,0.8622166561724512,0.8584355605290076,0.8575339810253608,0.8723406298003077,0.8735482804232808,0.8697613768345478,0.8751231176231181,0.8872600177600176,0.87451691459628,0.7347029588534446,0.8699416936549297,0.8587318215862032,0.8663609473640205,0.8682300781369939,0.8653906082097574,0.8740091525203891,0.8619872147496461,0.8588628928323588,0.8452389751170246,0.8542022137753849,0.8549184414134168,0.8580581951923422,0.8806907439639399,0.7257634998443822,0.8538277558498153,0.8678107058426208,0.8748746347626948,0.8511570179963961,0.8551519218798633,0.8748488897723598,0.8632802862077485,0.8777409146947984,0.8769010955831612,0.8717295061964191,0.8685117660117657,0.8574817674817676,0.8792103763947824,0.8616708263391938,0.8570732421211498,0.869347948651228,0.8459438916528477,0.8571307437116262,0.8509753653936828,0.8453373455812482,0.8852962142024645,0.8710068089166458,0.8656440781440785,0.8604229309278573,0.8792477255129701,0.872382136934376,0.8512625881063383,0.8592638204707177,0.8630254994559806,0.861616753010196,0.8477409988385602,0.8923932072829136,0.8675827780607199,0.8512789575289578,0.8373371212121218,0.8448638437410896,0.8733164652807524,0.8719923538521107,0.8851474492358476,0.8576490514905157,0.8603608946608953,0.8769639674051442,0.8757365466511817,0.8615210297316899,0.887281494876432,0.8883102233356043
Surigaonon,0.7604534622650573,0.7839584511096134,0.8154244306418221,0.8514598997493737,0.8057529860128881,0.7722493224932249,0.7827631871052926,0.7777456743053074,0.7123049856745509,0.7620758931806279,0.8575328742608158,0.0,0.7233640411079433,0.6834338031801799,0.750400078064013,0.607012063352643,0.7514746350801622,0.7588553706272154,0.7684111902185662,0.7704493548018724,0.7891656152334547,0.7892065992313517,0.7876278596981722,0.7607984607984604,0.7695076641767823,0.7740689293524345,0.7702569208030375,0.6914027878494879,0.7597683875530411,0.7830020173303758,0.6691162866515881,0.7970225024572853,0.7987486471861476,0.7427723374295955,0.7903457423485046,0.789718176914779,0.7973750809847748,0.8192694063362381,0.7695813762261129,0.8387594893029684,0.7102567941766976,0.7865561183830416,0.7710146702359105,0.7936560426639796,0.6805878887660802,0.7244160479495666,0.7782852262471822,0.7255397486313512,0.7762131320102337,0.766259071295479,0.8036636904761914,0.7960789955302153,0.807743064758372,0.8413515406162464,0.7674311054798862,0.7720133114974386,0.7670077801235439,0.7653231052194779,0.6846196283391407,0.783817416368178,0.7765343915343915,0.811325295745586,0.7351841184502477,0.8145112847856756,0.8150520775520779,0.7505212355212355,0.780053688141924,0.7286161579722179,0.7896345345208357,0.7824269234105301,0.7620572366877787,0.7976136803575837,0.7396278051450462,0.7602179037251852,0.79266295537482,0.8041207350633578,0.6392208115509082,0.7327661581338052,0.8133369408369412,0.7312397372742202,0.7328784458116139,0.7828344671201806,0.6969711438294325,0.6908167466591375,0.732687047310834,0.7919367015098728,0.7929468025199738,0.7629594119527001,0.7685102625401131,0.7674234863606114,0.698981619473422,0.7793939393939392,0.782977314124855,0.7217724225612578,0.8046526695526699,0.7686550151975682,0.7706174084814864,0.6913705583756344,0.8162810721772983,0.7862182485298063
"Bontok, Guina-ang",0.794080552193533,0.793061202363528,0.8382009483571987,0.8828016062884487,0.8425926521223557,0.8072861941187187,0.8250727415858999,0.8014426674148899,0.7609564914252416,0.8049362191291898,0.8795266251363818,0.7233640411079433,0.0,0.7277424832112332,0.7848010747600918,0.7182018502331005,0.7947888812185748,0.7942984015447785,0.8033298375439925,0.8062064634007082,0.8152132799860073,0.8122971225694003,0.8007764587842717,0.8109980332696072,0.8049062049062055,0.8035454003394419,0.7968132846756041,0.7312215703078649,0.8123623076593379,0.8155428664757027,0.6934775732753907,0.8309871552059056,0.8392119150690583,0.7750064004096265,0.823478261665075,0.8188484183023023,0.8221344152181718,0.8393256826092652,0.8034961128053235,0.8499635780885784,0.7465464345952153,0.8139184675723146,0.8085226379780839,0.8147352206876018,0.7250392078681552,0.7643187662740732,0.813327819921227,0.7516543956884864,0.8098948044943197,0.7858593700985009,0.8205690836940842,0.8057817724281146,0.8424580974580981,0.8576849458524219,0.8017968007602154,0.813502425470511,0.8045418114999398,0.7909883438380847,0.7397921657630399,0.816011759004184,0.8111959990181643,0.8390337893943675,0.7768496743496748,0.8373839786157754,0.8337525437525439,0.7850449580288292,0.8079207693178286,0.7697319460009819,0.8194857491740177,0.8248080926359622,0.7857691126255483,0.8243935541265647,0.7741497609144667,0.7947573561704002,0.8139320738897012,0.8181244529605187,0.7040447140084818,0.7682884053615766,0.8448723465289735,0.7674473697369739,0.775653540765481,0.8078844451003545,0.7284496514655249,0.7199133224133223,0.7829277070219104,0.8149173776600965,0.8229902685390486,0.8084687365937363,0.8065337577037086,0.807989439462654,0.7374854724854729,0.806487638867157,0.8266734479849237,0.7574859185366427,0.8360226551226556,0.79402718292346,0.8025971411840983,0.7300351093911701,0.8336307269119775,0.8245595383852963
Kapampangan,0.7494361194361195,0.7531754783677858,0.8137707001992716,0.8649471529052679,0.8226822673513856,0.7842817772505281,0.7790751710673581,0.7395546222381081,0.7113072047000618,0.7797491262644715,0.8752307226214998,0.6834338031801799,0.7277424832112332,0.0,0.7433931983931992,0.5873161891019034,0.7545072552368017,0.7636448214199416,0.7853832219091466,0.7352977478870337,0.7830211038961039,0.7770140126757771,0.7820604796120262,0.7730784151638426,0.7609862562911345,0.7724261386761389,0.7584541588130104,0.6900960429854902,0.7860325190682329,0.7667109163414583,0.6596195280691846,0.7978472222222219,0.793987086359968,0.7234395382395385,0.7808565905712648,0.7809846403596405,0.7904098414148663,0.8143284602644211,0.7681949271793017,0.8568270287913147,0.7035620445040732,0.78514697816356,0.7708652006554256,0.7706534303392943,0.6737119313435104,0.7146039120486629,0.7801051907030164,0.6863255270210153,0.7697796127483628,0.7591892092490179,0.8062663409198068,0.7902474538344108,0.7936350451578879,0.8653599486932824,0.7719553192379284,0.7726758183337132,0.7564672421074863,0.7582530432530433,0.711301805833056,0.7714411075036085,0.7668646192243131,0.8206853596139307,0.7312437785031372,0.8061475650417963,0.8194377604910605,0.749859751062959,0.7512859174266946,0.7357772810662254,0.781963681008027,0.7744853425559941,0.7490372032651447,0.783479541292041,0.755871562364281,0.7715749428668087,0.7863905679214667,0.77737693315139,0.6302482339563676,0.7338907670429415,0.8187545637093833,0.7287059141838559,0.7498364593807938,0.7828958210350251,0.6784773280805028,0.688248215748215,0.7373440488273023,0.7517843267843273,0.7964699618685123,0.7868162691149267,0.7763730618510034,0.7612254560915277,0.7093304395723744,0.7725726499069872,0.7858765253466344,0.7415978824471643,0.7884870530703861,0.7649246221614644,0.7433942984182221,0.6827506036676894,0.8026261498917749,0.7818168290043294
Kavalan F69,0.8037021837021847,0.7752748293373293,0.8165776490776495,0.8473150468764505,0.8517966763132517,0.8071115855762602,0.8204401460942161,0.7940857555143274,0.7731322881322887,0.8034800184896097,0.8599958573172862,0.750400078064013,0.7848010747600918,0.7433931983931992,0.0,0.7447275847275857,0.8113592043182525,0.8086568322981371,0.8159251474280379,0.7826088962716868,0.8118032248650229,0.8139327082941213,0.7869731094731094,0.7813324861779917,0.7988127764767108,0.8112128796077659,0.795904800904801,0.7530776014109353,0.800110290857498,0.7955414803775466,0.7568245246816678,0.8111113061113063,0.8178307715491266,0.738152673350042,0.822183742183743,0.8214373464373469,0.8098299319727893,0.8377385122550868,0.8061884951468287,0.8484738309738312,0.7730466785794656,0.8232421921367006,0.7965005232862375,0.7931600053693084,0.7414799568817427,0.7351524385006525,0.8096853246553846,0.7621293077001736,0.8140157396950883,0.8099246541501983,0.811062053026339,0.8104925129515298,0.832513193156051,0.8484595761381477,0.8048391523935009,0.8139028944911301,0.7739429012345684,0.7939177287640978,0.7606947697111638,0.7906266720171227,0.8131893424036282,0.8369194844194845,0.7921510270774981,0.8487438965020493,0.8388059777974551,0.7809160052910062,0.7990802858896786,0.8070254083038179,0.7977205858088217,0.811762189905903,0.7874046303604317,0.8161902002065943,0.7628543083900229,0.7901683763096813,0.8235536573898646,0.8102252205545618,0.7368670203588682,0.7394389493290594,0.8271646274250442,0.7924636243386238,0.7740636933661794,0.8042760480260485,0.7428870613750859,0.7446092166184193,0.790100931677019,0.8105579278812978,0.8346570703128086,0.8033627278071728,0.792417067278946,0.7814622414622419,0.7819220341947616,0.7987250643500647,0.8201912609807347,0.6010810810810812,0.7982375908260866,0.753009618702554,0.7892701275174103,0.7374289772727273,0.8332893990929711,0.8225643338143344
Tagalog,0.7435122351193781,0.7480290222597911,0.80981833642548,0.8641246043078508,0.8172187561893449,0.7721826784326781,0.7684723407379656,0.7524999338072731,0.7070813577956433,0.7642886205865752,0.863286821053811,0.607012063352643,0.7182018502331005,0.5873161891019034,0.7447275847275857,0.0,0.7404071046202365,0.7550746701464409,0.7584240320861004,0.7483855132962272,0.7678085317460317,0.7777491299550122,0.7761236258014611,0.7560973155822402,0.7629573610671169,0.7559996947496944,0.7498395610237716,0.6733723632592978,0.7557610322080771,0.7716615486319927,0.6294364818869009,0.7897065038136469,0.792381237720221,0.7134372294372298,0.7754638251241516,0.7755263833388835,0.7857518110030673,0.8022269465619221,0.7658415008024381,0.8456537311894453,0.6810867943114318,0.7702599837803916,0.7582391512754836,0.7792641259264297,0.6547777587909167,0.7240436129248277,0.7713368606031648,0.6932082641669106,0.7594047445609948,0.7478544846965903,0.7934294322289376,0.7788852116750669,0.7990396166157588,0.8595093446542722,0.757035851963389,0.7543941292625509,0.7546954299088443,0.7588898138898136,0.6774035859973357,0.7743299062049067,0.7628386636039702,0.8027799977799979,0.7081555625004824,0.8060628574150217,0.8113737080742166,0.742489640484293,0.747242186077138,0.7302636015575712,0.7712743153408114,0.7567175050191353,0.7382524474436241,0.7863926004551003,0.7399876889561356,0.7571402680254361,0.7777537069671902,0.7885504893657069,0.5905167931483719,0.7136133056422914,0.8076875684556407,0.7197322489601904,0.7277986996583053,0.7668873188049324,0.664530509173366,0.65503822003822,0.7243047356683722,0.761755692224442,0.7888726812639855,0.7553938231790579,0.75701624083977,0.7544473218580362,0.6977154416670545,0.7594054790590937,0.7640593630403414,0.7284828807556084,0.7939302320254699,0.7499310776942362,0.7309641182846924,0.6508245593044588,0.7937631899350651,0.7813492965367965
Gumawana,0.7291432241113063,0.7660884135821473,0.8076340857769986,0.8781206866804696,0.8126526514717807,0.7373643896344528,0.7748414397935929,0.7879370629370632,0.7758198329231417,0.6984157125838415,0.860634588844318,0.7514746350801622,0.7947888812185748,0.7545072552368017,0.8113592043182525,0.7404071046202365,0.0,0.6807743462316158,0.6665818680057704,0.7767793322057633,0.714168656372265,0.7953479057974114,0.821892621542452,0.7392441251897206,0.746426758612688,0.682105350557731,0.7320132175002562,0.7553164194833133,0.743380092838001,0.7689944461985603,0.7628423073444229,0.7909651961436748,0.7636474797812002,0.7675025165372449,0.7669502934524867,0.7839841554644187,0.798947051320898,0.8176315967982635,0.710706324071137,0.8546274411275714,0.7933733609227035,0.702077530397842,0.75520088446634,0.7821939236764737,0.7683325020167128,0.7640444447499801,0.719333514096084,0.7450189430452587,0.7439085497835493,0.7480013542071668,0.7995802288836741,0.7752571670152996,0.7862034707584449,0.8658208210872849,0.7543533882053617,0.7329222729222722,0.7925917727054085,0.7555695294834812,0.7670933631427047,0.7916957409062674,0.7406846662109814,0.8167497388836618,0.810735990200276,0.7984638537595811,0.8177126786902209,0.7570381216527824,0.8064303751803752,0.7831537992807419,0.7688738455782602,0.7179272775641489,0.7248700749335268,0.7622104361990457,0.7623227256888985,0.7545028616316912,0.7805708894280321,0.7962048251374095,0.7408590566257316,0.7686434267486899,0.8140115220145705,0.7902399542067907,0.7477166045405834,0.7630660844323625,0.752111787827606,0.7600700720656859,0.7257956533879548,0.8066077077162603,0.7753647423482949,0.738407397591071,0.7366044434624976,0.7788826577462938,0.7608905016181841,0.7717814649563115,0.7097026815776818,0.7847007132258508,0.7933381332118172,0.8019567620408867,0.7891489758241528,0.7564260248402959,0.8154671142728463,0.7649739149739143
Kilivila,0.7331363878014591,0.7629053318476396,0.8224605073289288,0.8670060568086885,0.8074517163187115,0.6746174832112334,0.7756210369491616,0.7771459636042968,0.7829104441544638,0.7177958091150552,0.863921796360821,0.7588553706272154,0.7942984015447785,0.7636448214199416,0.8086568322981371,0.7550746701464409,0.6807743462316158,0.0,0.7205520786403136,0.7891609977324262,0.7486108391887291,0.7922115241080763,0.8255743968179208,0.7540113435946766,0.7445621304077187,0.7260654222638754,0.7528488005050503,0.7697390572390568,0.756147355807009,0.7862598759875987,0.7711176707951104,0.8007893355979482,0.7789051226551224,0.7609730158730154,0.7769049112119767,0.7843011725258101,0.7906616415410382,0.8261250712983387,0.7400130337957562,0.8587880686564897,0.795670928641943,0.7359395812520808,0.7577352205249913,0.7821674451279715,0.7678182197919039,0.7784027777777779,0.7456289232928578,0.7395002514320692,0.7591424946497413,0.7484361992174496,0.7962874121456212,0.783965697193853,0.7994112038754898,0.8682626367699185,0.7663273686938736,0.751218820861678,0.8067761826953005,0.7540782456375241,0.780936086189709,0.7885317460317467,0.7482010582010584,0.8116160022858593,0.8111409796893668,0.7988591186054955,0.8205124311629408,0.755851041133299,0.8016173054587693,0.7948068345795624,0.7732180020290804,0.7349032873623043,0.7287346547814527,0.7795363050797836,0.7687359659310881,0.7613721348096351,0.7806736256876703,0.8072373580525758,0.7572348703927654,0.7643139492654057,0.8228987378083767,0.8086822660098524,0.753619699195194,0.7674422799422796,0.7624692694137135,0.7635546585546583,0.7300833714896212,0.8119546047082281,0.7763115727314751,0.7504276598026592,0.7605111637131347,0.7853599773242633,0.7749975756024149,0.7718134442532033,0.727666792830727,0.7871403769841273,0.7909556162532354,0.8087511547829013,0.7864625825563331,0.7698003908431045,0.8269258432539681,0.7937146464646464
Molima,0.7459439951935403,0.7762713566161413,0.8207318837587179,0.8757605327953981,0.8230800881265279,0.7519561769295083,0.7845773819336277,0.7892352036291427,0.7879033703813869,0.6943020661031568,0.8714531349463601,0.7684111902185662,0.8033298375439925,0.7853832219091466,0.8159251474280379,0.7584240320861004,0.6665818680057704,0.7205520786403136,0.0,0.8028753804661434,0.7128277539623168,0.7929352450095485,0.8307211493118359,0.7559423751289559,0.7710314398595409,0.6697198440370705,0.7395095100977449,0.7772816420765336,0.7774199177210385,0.8021012436745398,0.7757442295609104,0.8145117297633977,0.7858973743261666,0.7999289904282165,0.7884370316645857,0.8005781909850788,0.8154698106168695,0.8304015263229415,0.6982298556413773,0.8699862018919021,0.8105066553136403,0.68648280501261,0.7668847355635159,0.8052161564843324,0.7802689637123126,0.7736993261089644,0.7258152588580544,0.7615852192071703,0.7684943333063403,0.7693146642209424,0.8054070514435412,0.7915983734572891,0.811891662472968,0.8739308009172502,0.7777624412568029,0.7456917007061646,0.8093999860284123,0.7866798346557557,0.7836049178056196,0.8020915804739335,0.7716009295421059,0.8289963620201642,0.8383684574780246,0.8096623341620309,0.8304991965286087,0.7561334855620568,0.8041736490208463,0.8010717815998212,0.7811361941743998,0.7435588930318605,0.7556087853494975,0.7868559732070758,0.7715645156357229,0.7831442119464062,0.788115779683827,0.8244322590590867,0.7710701482303125,0.7814117986452543,0.8217384532749316,0.8252468760169998,0.7417779112012852,0.7796373025306621,0.7705627821561979,0.7742963702200025,0.7578680822547015,0.810440760050135,0.7766445275176893,0.7439876031838155,0.7737718450719078,0.8161999545593293,0.7949086135894088,0.7809295466590732,0.6871272055219511,0.7945294803912605,0.8092272923155274,0.8203867704615462,0.7985403684161684,0.7781256786119214,0.8224717834913254,0.7861420308432445
Babuza Ts82,0.7627775200989485,0.762762087180692,0.8168140589569158,0.8570366204224475,0.8205780228758168,0.8077852004110998,0.8045387344827649,0.7575589000822648,0.7917106009070296,0.7903550638525062,0.871839671120247,0.7704493548018724,0.8062064634007082,0.7352977478870337,0.7826088962716868,0.7483855132962272,0.7767793322057633,0.7891609977324262,0.8028753804661434,0.0,0.790614478114478,0.8070267162893063,0.8076446399815971,0.7666969586816915,0.7723447712418301,0.7803525286083428,0.7734164347557203,0.769132018479033,0.7875160480859007,0.7946143085531573,0.7633578851204748,0.8020814007421148,0.805252715121136,0.7342634920634922,0.8048409598214289,0.8023608386018457,0.8155836018617972,0.8269221827555164,0.7910189364946827,0.865908446712019,0.7865557161092877,0.789473407753483,0.8020703415186029,0.801854364540932,0.758851565101565,0.7544194591416812,0.7958109318996412,0.7426597230496312,0.7953737010391687,0.7891982517881794,0.8250889939309061,0.804905045351474,0.8157466123286431,0.8621908787669665,0.7700719943525698,0.7820161782661783,0.544086722280153,0.7729629719368527,0.7798711755233494,0.7963588263588267,0.7772997835497834,0.8347582972582975,0.8072259136212624,0.8042062054290311,0.8273123021257354,0.7722542735042731,0.8169599723947554,0.7984992784992782,0.7902306560862921,0.7977411477411479,0.7761496265172736,0.7954579193787827,0.7728745574968597,0.780389584436347,0.8004363637237656,0.8096755204313343,0.7573190301761726,0.7930913691783252,0.8279533642365504,0.8015858426704019,0.7748580973764793,0.8030862344937976,0.7607130272827944,0.7688676733319588,0.7647367820029692,0.7961726478030831,0.8043551587301585,0.7846936221936222,0.776076063028617,0.7836557539682544,0.7620949248856225,0.7964374291383223,0.7859889214727925,0.7816361196756877,0.8054396000824571,0.7858691077441072,0.7937892543108369,0.7670345267060593,0.822472075249853,0.8029627296418342
