,Raga,Taokas Ts82,Chuukese,Proto-Mon-Khmer,Jawe,Muyuw,Novol (Usus - Dixon Reef),Hoanya Ts82,Dayak Ngaju,Saliba,Saek,Surigaonon,"Bontok, Guina-ang",Kapampangan,Kavalan F69,Tagalog,Gumawana,Kilivila,Molima,Babuza Ts82,Wedau,Sowa,Pazih F69,Maisin,Mota,Bwaidoga,Motu,Yami,Rapanui (Easter Island),Neve'ei,Itawis,Tomoip,Sudest,Papora Ts82,Novol (Bangir),Mwotlap,Kusaie,Lenakel,Suau,Shan,Itbayaten,Tawala,Wogeo,Neve'ei (Vinmavis),Itbayat,Siraya F69,Gapapaiwa,Tolaki (Konawe),To'ambaita,Pukapuka,Hiw,Takia,Aneityumese,Lao,Marquesan,Lala,Favorlang OL03,Lelepa,Mapun,Nahavaq (Benour),Sahu,Kuanua (Makada),Palawan Batak,Kalaw Kawaw Ya,Enga,Merei,Malagasy (Tandroy),Kerinci,Lote,Misima,Tolo,Kiribati,Tugun,Rarotongan,Dixon Reef,Nalik,S.W. Palawano,Amis (Central),Puluwatese,Proto-Lampungic,Asilulu,Proto-Chuukic,Imorod,Iraralay,"Futuna, East",Malagasy (Tanala),Äiwoo,Roro,Mangareva,Shark Bay,Malay (1600),Woleaian,'Auhelawa,Kavalan LTs,Ulithian,Puyuma (Chihpen F69),Malagasy (Sakalava),Babuyan,Saipan Carolinian,Ura
Raga,0.0,0.7880679363371669,0.8294367801510665,0.903374505076076,0.8485045455633692,0.7942611341649802,0.7965714262589257,0.7659693262904272,0.7871069142497717,0.7370171317741648,0.8857102579189963,0.773356997270041,0.8033633700701011,0.7593741311598458,0.8039277689277688,0.7670005787862935,0.7612935021090304,0.7461289242389719,0.75733283544836,0.7968362193362192,0.7448137418137416,0.7445319386495856,0.8247706617551983,0.7850404062715618,0.6716884470543013,0.7637401629709323,0.7086934596503971,0.7889887889887891,0.7381861296885927,0.8190011821785224,0.7483041748487973,0.8220976576333721,0.8177477732562478,0.8016854256854254,0.7912326200369675,0.8264588509780816,0.8389268464645349,0.8252964468481708,0.7449455781487025,0.8909330880759455,0.7756457310805136,0.7745409210970436,0.7658850280822601,0.8159401970920298,0.7664964421543365,0.8016165541027419,0.771004644510079,0.7137388092275307,0.7506064048131355,0.7548041405696904,0.8227000172544725,0.7783894446937921,0.8311202474908056,0.8860268824036941,0.7570998110853182,0.7550122830385989,0.8037607040655824,0.7481985962755191,0.7822228786171095,0.7816316183816185,0.8450414664700381,0.8389349407206553,0.8062074289347018,0.8204728898238512,0.8632378337962099,0.6997164303314037,0.8274999811407578,0.8101363739554697,0.815780600017447,0.7845767004734394,0.6953211548799781,0.7611485202831361,0.7457522655338192,0.7432180791032468,0.800235454308488,0.7893631579772881,0.7825460955843733,0.7746007481514722,0.8300485491750552,0.792978889302419,0.7561534319539246,0.7390104371638461,0.7712262605119748,0.7732869382869382,0.720621191673823,0.8180599048387512,0.8417755888770383,0.7407506736365795,0.7398271526947994,0.7775880534809105,0.7990980793400146,0.7657891305481666,0.7883746235648406,0.7926465745843737,0.7949085526466476,0.8162823141770514,0.8097876206727884,0.7700094573210146,0.8062968975468972,0.8244267815517814
Taokas Ts82,0.7880679363371669,0.0,0.8630787161556386,0.8718032900806004,0.8559687226353888,0.8300053520983752,0.8608826062826058,0.7689258096400947,0.7994495034879647,0.7931064544116012,0.8811120189027162,0.7929028766238063,0.7841370300672621,0.7615244584475352,0.7758210770710767,0.7769637627329933,0.7902179251176743,0.789917262224954,0.7946779424782389,0.7888420580281041,0.802861528271364,0.8503395398744233,0.7816247120934618,0.8310303562369673,0.7974840635554917,0.8002712973301208,0.7717323061553825,0.7892860723505878,0.8056045585807486,0.8529562599330041,0.7684663742803278,0.8696195577926342,0.8583580465655934,0.7718693500473157,0.8451685120435116,0.8620551498458471,0.8691456014626743,0.8563797093558998,0.8114855686428264,0.8441191500806879,0.7690036459267227,0.8129053308931355,0.8092914676286603,0.8613099123099119,0.7762853537646924,0.7636979642932018,0.8184370219152824,0.7911409637371173,0.7855459140342859,0.7969303346226422,0.8698354139299013,0.8338030132260895,0.8332967919102368,0.8540985707001327,0.8111314826431103,0.7881182474932473,0.7890327738752932,0.7878270840270841,0.789991403944892,0.837498940254845,0.8426317584854162,0.8628919584688813,0.8212099705849701,0.8404780115717609,0.8532374883181331,0.8103478477445415,0.8351768674034296,0.8266647010397004,0.8465408464958432,0.8102581162007387,0.7919525580239861,0.8074304678955839,0.7970983796565186,0.806267505104714,0.8591685386176907,0.8410748215370062,0.8085544797083255,0.7511594525266396,0.8646311759519303,0.7870410405566649,0.784499847595085,0.8083965690160376,0.7655360842860843,0.7812823240789338,0.8039112480972944,0.8391298154970028,0.8660600724062258,0.7858615194329478,0.8005946590592256,0.8195713445713443,0.7880082268512015,0.8295059762040888,0.8272047276395105,0.78881630858375,0.8231405414916049,0.7780074938611515,0.8150903145089188,0.7756413752476741,0.8629872554629834,0.8673651617200001
Chuukese,0.8294367801510665,0.8630787161556386,0.0,0.907961439375052,0.8686644102085279,0.8492769383394385,0.870253328847079,0.8597932139216541,0.8459065141208,0.833853351031527,0.9061392356295273,0.8423778851315085,0.8671722374847378,0.8420849652992514,0.8447854997855002,0.8454248264962557,0.83858565367815,0.864893293840663,0.8510333023219621,0.860303287981859,0.8434015151515157,0.852839848060437,0.8669997099120812,0.8415569913057351,0.8543534649632215,0.8553176453176458,0.8465839184738713,0.8535893754486719,0.8408466260067247,0.8464982335671993,0.8265036585021334,0.8778552532123962,0.8667451349654738,0.8788634920634919,0.8657988599564691,0.8724546287046289,0.8082356225572308,0.8644690558483663,0.8571622243497248,0.9051776266061982,0.8605641406366049,0.8581571135780323,0.8591941515168161,0.8367336415765736,0.8536777549935447,0.8432109173821883,0.84587936218371,0.8372619861341664,0.8136424339549345,0.840821406132411,0.8707626119754839,0.8321482596844915,0.8597212150511643,0.8928207192699948,0.8324990763396565,0.8687886382623226,0.8549525745257456,0.8286929736929738,0.8406994047619052,0.8674420995670996,0.8725056689342404,0.8766555666555668,0.8754265342500639,0.8729744881187187,0.8700298855121196,0.8519862490450726,0.8906341501001698,0.8613502215261015,0.8587300490616168,0.8466420807453418,0.8274509803921571,0.8369656385281388,0.8206387733086763,0.8369940001518947,0.8557405921169966,0.8772511606750735,0.8431045562624517,0.8248272929432355,0.5272446930579461,0.841254279489574,0.8252591346803169,0.5922123015873013,0.840797048336731,0.8446232596232599,0.8400167084377616,0.8865785256410258,0.8767368299977,0.8446894641525509,0.823561596355714,0.8280541383219951,0.8517407174665235,0.6074273283610635,0.8602564856640946,0.8505487202855625,0.77905557846034,0.8534356725146198,0.8689639042509859,0.84044827311159,0.5769791666666663,0.8749857503607511
Proto-Mon-Khmer,0.903374505076076,0.8718032900806004,0.907961439375052,0.0,0.8918406756642052,0.864713868003342,0.9199357785072073,0.8875873301615875,0.8692529256665387,0.8927020313707622,0.8945956160241877,0.8638471177944866,0.8562299688615479,0.8597706685403022,0.8521488907453818,0.8742934203667192,0.896949698851873,0.8886403508771932,0.8955813748196433,0.8872859642544682,0.8988658788658795,0.8871912401324165,0.8593564051429219,0.9001105906843618,0.8925856307435258,0.88541439938088,0.8889135718083089,0.8879011861154723,0.8956487140310673,0.9035171220655095,0.8687270036794116,0.9055904973444242,0.9192277729087545,0.871962354263239,0.9073908730158733,0.9282490197411666,0.9081886345698504,0.8839367045484068,0.9074897876744467,0.8658252306158065,0.8533196080815129,0.8933556314771788,0.9024212715389189,0.9065515135117406,0.8772229191263281,0.8928775708896193,0.8973503591924644,0.9165915596243461,0.8832812039618327,0.8935756056808688,0.9039317889317887,0.8689574314574311,0.8930894502323079,0.8618050361505861,0.8991976152502476,0.9117379148629152,0.8948349036584333,0.8763505844966517,0.8694759385235578,0.903647741147741,0.9005246913580252,0.879551687405091,0.8700798238370491,0.8814563871800715,0.8970807279140617,0.8940104891859275,0.9170254981425195,0.874861022402006,0.9038312814721806,0.8914913252122557,0.9032928064842964,0.9040791513013735,0.8891902215431627,0.8886587681324526,0.9053031154258147,0.8776447380493625,0.897428989139516,0.8693666705634793,0.9273625565016291,0.8497869674185464,0.9012871041614358,0.9004629629629629,0.8779428983714698,0.8882263247088825,0.8926608187134507,0.9168031410094907,0.9347274712354078,0.907896539910928,0.8972200887523472,0.8907814407814403,0.8845326700589857,0.9144162826420891,0.9057645346106885,0.860408875592122,0.8708626639061418,0.8679450757575752,0.9104573934837098,0.8839123080926362,0.9275105280207319,0.9036248586248585
Jawe,0.8485045455633692,0.8559687226353888,0.8686644102085279,0.8918406756642052,0.0,0.8431699116428181,0.868576429480685,0.8746355060034303,0.8542787822199589,0.8486860574950985,0.9021302219063421,0.8530881659594534,0.8721022102210221,0.8680525493025503,0.8948938875734462,0.8543664940723769,0.8643027735466956,0.8544002658534683,0.8656691313502461,0.8899363912231556,0.8684696822451922,0.8364259972300176,0.8777418936149096,0.8535307285307289,0.8572435441838426,0.8575326941819089,0.8386424057606326,0.8701485551485554,0.8317390524048818,0.8539396490154068,0.8608578868398193,0.857072475454829,0.851536838242041,0.8805327868852457,0.8604012345679013,0.8706656643848761,0.8515771265771271,0.8626524368986682,0.8561001277091702,0.8756866635543107,0.859403921161347,0.8795029695420326,0.8643820174636023,0.8649458106904915,0.8466750516750515,0.8424099754608231,0.8648108835608833,0.8586810411810408,0.8554457310614952,0.8451341351587661,0.8779731689630167,0.8494083336905124,0.8660735781202104,0.882336334202006,0.8478259015204826,0.8666197303294078,0.8659408151870468,0.819619693172325,0.8524889988998907,0.8805431605431611,0.8860638210379144,0.8864822949381775,0.8842527539248856,0.873170227418996,0.8758239313938798,0.8472588854382329,0.877208333333334,0.8898858548858554,0.8680345717975474,0.8639572310405642,0.8414345238095237,0.8348318760447477,0.8539007936507937,0.8468838632631741,0.8637455615903891,0.8690232331293785,0.855718405841559,0.8639199385468048,0.8730864738533448,0.8696478423865361,0.8474022697012649,0.8534659143040648,0.856130599472991,0.8531469456469458,0.8436136523574946,0.8979314002828858,0.8821228551426571,0.8618129791599175,0.8466738454175644,0.8584343434343433,0.8693980053096075,0.8628030966988018,0.8665712682379348,0.8789565251387916,0.8450070986361307,0.8856353473288965,0.8944167217566238,0.8637068401243663,0.8839171974522295,0.8579909886032334
Muyuw,0.7942611341649802,0.8300053520983752,0.8492769383394385,0.864713868003342,0.8431699116428181,0.0,0.8303788706930069,0.8280309773300424,0.8094280719280724,0.7464738970021666,0.8940962496109558,0.7984049554781263,0.8325608722453387,0.8095838189588189,0.8334433229813661,0.7975937257187261,0.7487081132925325,0.6451903998778987,0.7658081758737043,0.8459632294164662,0.80645108660184,0.8321955409826699,0.8500473484848485,0.8151154401154397,0.7993308434484901,0.7791244551553826,0.8176098458707156,0.8162077120410457,0.8415136618494832,0.8238319585334511,0.793522525826762,0.8640823586136095,0.8243799603174596,0.847679851510496,0.8289304294739075,0.8271853416270887,0.8633345297918166,0.8196242838569571,0.7745143963075904,0.8695455586080593,0.8119641954593413,0.8030631712391918,0.8066675680173059,0.8464173691805273,0.814061056521374,0.8211974090465709,0.8008782353044644,0.8389156009385016,0.8231001064738934,0.8399831649831653,0.8393670634920634,0.8060544469081057,0.8231296198132932,0.8759678668215254,0.8343038568766725,0.8242294448643658,0.8407674564078509,0.8069122012127193,0.8063877330867625,0.8336634471056581,0.8511416361416364,0.8521356714866335,0.8388078170336237,0.8528303687723975,0.8498682156845428,0.8162207714627073,0.8821846794273267,0.8235283936041513,0.8523663329976964,0.7566701361783328,0.8117004557598619,0.8287927821908403,0.8180555555555556,0.8304231061477441,0.8291937619184813,0.8238958673384904,0.8185639147177614,0.8247290649729674,0.8624627224627223,0.8306046676096186,0.8057076930220499,0.8274036281179138,0.8084651607257987,0.815562456866804,0.8277451882524349,0.8754758052088153,0.8569760320979836,0.8202380952380947,0.8360302101638738,0.8093206727135295,0.831151671151671,0.8287854737854735,0.7883377096491848,0.824432558852849,0.8430615680615673,0.8432329722012263,0.8715416762518217,0.8056717973384641,0.8650618947788757,0.8269105339105342
Novol (Usus - Dixon Reef),0.7965714262589257,0.8608826062826058,0.870253328847079,0.9199357785072073,0.868576429480685,0.8303788706930069,0.0,0.8395275095275093,0.8408814565064566,0.8465484429571114,0.9142124923870958,0.8344163731005838,0.8623211291632341,0.8477757919164173,0.8430761583377859,0.8328514367576868,0.8463415528712462,0.8146816580410331,0.843707661032512,0.8635368984249576,0.8548202556399276,0.7915267188951398,0.8600644263144266,0.8495809745809746,0.7739572743541002,0.8272182504026075,0.8402778431574247,0.8283536287634645,0.8232093548625804,0.7426453225137434,0.842858244821486,0.8426111865564988,0.835893121106535,0.8440001917274642,0.4138602036392092,0.8296162026630776,0.8641290028652668,0.8539691100861311,0.8280205905205905,0.9071307165057169,0.8512308953408431,0.8634025274909252,0.8523063285970045,0.7404050904050904,0.8402529058243347,0.8438873956731098,0.8501842765078055,0.817951648351648,0.8306991147305285,0.8338423356747966,0.843970022847028,0.8380074895864367,0.8516708889637066,0.9073089902454985,0.8388982216613794,0.8422428638530326,0.873043593364449,0.7944412169955644,0.8345498507340611,0.7124352668855282,0.860945638155583,0.8486755143005144,0.8559823090346347,0.8749791071501604,0.888129300491938,0.7929347319347323,0.8383431727846622,0.866407417368956,0.830780968197049,0.8464983359720198,0.80589967058221,0.83025876170613,0.8292234811971657,0.8331102434505575,0.44721369781250014,0.8299112897378792,0.8245809890341144,0.8476736814038403,0.8614008676508674,0.8414722977557203,0.8390687120525828,0.8409260772897135,0.8261574791747203,0.8311937735467145,0.8201096460258761,0.8535622710622716,0.8620589271112832,0.8343774331184405,0.8352459780267264,0.8234657571682885,0.8267624010356561,0.8182176604757248,0.8573602323602324,0.850615077185758,0.8363799571426687,0.8573644340593493,0.8469099109151466,0.8495426704443099,0.8537380212380211,0.8527177927177928
Hoanya Ts82,0.7659693262904272,0.7689258096400947,0.8597932139216541,0.8875873301615875,0.8746355060034303,0.8280309773300424,0.8395275095275093,0.0,0.7813511921310083,0.8166431455051569,0.900109561220672,0.7842891563075045,0.814820493292715,0.7365972966890397,0.7913471449185729,0.7593818261249451,0.8105613136863139,0.7949090775479659,0.8228296955569678,0.7856384269935671,0.8239743372096311,0.8221470934773683,0.8095703362058502,0.8280380839204367,0.8009291850413343,0.8141314131413141,0.7812893019315036,0.7910481374073602,0.8330780854365758,0.8405953373843277,0.748058294586072,0.8644146246210462,0.8776326577462938,0.7228553391053387,0.8307497777194749,0.8739309874630974,0.8862050490763356,0.8591815679079827,0.8040465883323021,0.8715622807365925,0.7791900486344929,0.8206002875120518,0.8021987105728934,0.8266563886846904,0.7825447840599353,0.766358482787054,0.8135686764552741,0.7869808331764852,0.8037958219150875,0.8244177890011218,0.8680433036565106,0.8209536386141887,0.837376288133863,0.8607321546573885,0.8171209448987222,0.8034380924086801,0.8078800571856125,0.8020409621824716,0.7914980917317361,0.8285690462577253,0.8510864135864133,0.8550418999960279,0.8120118938300755,0.8698105892031124,0.8731743950493949,0.8128554249982818,0.8604413847469402,0.8438203463203463,0.8588523536225855,0.808336108336108,0.790153831896951,0.8044008203730423,0.7969747073913737,0.8090055204734099,0.8460665423900715,0.8234548454845485,0.7996264794875908,0.7585400062035578,0.8614544319600497,0.8163409984510894,0.7621634131068095,0.8242546971928414,0.7772557940925287,0.777115543186972,0.7742811469875686,0.8330160066271175,0.8716423739359513,0.8043803720434153,0.7875298377634821,0.8020518597049208,0.8094834054834056,0.830288758860187,0.8320019041668526,0.7857052669552661,0.8373893253522882,0.7961959733388303,0.8246235503179941,0.775833161547447,0.8409090909090907,0.8627435064935061
Dayak Ngaju,0.7871069142497717,0.7994495034879647,0.8459065141208,0.8692529256665387,0.8542787822199589,0.8094280719280724,0.8408814565064566,0.7813511921310083,0.0,0.7776891125356601,0.8948370669244456,0.7196068692445498,0.7492195304695307,0.6960336356764928,0.7804155454155449,0.7158659726516865,0.7946257125712569,0.8064855665334136,0.8023246285753869,0.8284552154195007,0.8141902958152957,0.833159678012619,0.8001197542434657,0.8304295648516753,0.7874833702882482,0.8006890331890335,0.7835981137416546,0.7578940880448413,0.8054789627449727,0.830730599449811,0.658380938072013,0.8632430598502031,0.8565391607764484,0.7793396825396822,0.8352574810455247,0.8364328379953376,0.8478960458859961,0.8486902397000925,0.8167767273236022,0.8797541743970319,0.7221590942605435,0.8167550066147006,0.8135606455891924,0.8479622326480964,0.7460955418850158,0.7766747984980027,0.809334626725931,0.7479591836734689,0.8189189282939284,0.7901033575674731,0.8798047661909052,0.8011322681612537,0.8399227957603591,0.8735679779158044,0.8063774389861349,0.800849662033872,0.825946573751452,0.7867567617567617,0.7126595626595632,0.8503600288600294,0.8488559059987637,0.8620637959923673,0.7650920974450384,0.8441867827685138,0.8746390665172392,0.7957149802069589,0.782694402415276,0.7150028642490958,0.8527357289322947,0.8096637963485788,0.7842859618594917,0.8067621614496621,0.7615786856078116,0.8078426092780168,0.8467069759204593,0.8282453808269021,0.7226232034844472,0.7487358052575439,0.8571780629009544,0.698277947542653,0.7589818637848188,0.8069303013905287,0.7481153179565879,0.7546267696267693,0.7762867913585623,0.7913074772449771,0.8859917323685441,0.8151156822297756,0.814430544945251,0.8236392410499549,0.7079553212617725,0.8129274674455393,0.8245588650479952,0.7758656282579726,0.8453818227627747,0.7950767069188122,0.7861143906598451,0.7395900860724978,0.846201975108225,0.8326282467532466
Saliba,0.7370171317741648,0.7931064544116012,0.833853351031527,0.8927020313707622,0.8486860574950985,0.7464738970021666,0.8465484429571114,0.8166431455051569,0.7776891125356601,0.0,0.9004156430843285,0.7845538082195183,0.8125412042126534,0.7913941817394506,0.8167349070721832,0.7857520830027225,0.6949597779711911,0.7037562642002964,0.6613836655225372,0.8327403556943196,0.7118917961123842,0.8153580063888742,0.838960110559375,0.7493994247615291,0.7750907724508873,0.6746277143335966,0.709705977124595,0.7948285907937103,0.7936948501698283,0.8450095566645174,0.756687265002007,0.8418023196689011,0.7777696012491627,0.8257884060251347,0.8349975538000746,0.8479745134299678,0.8409539988892032,0.8424272827851501,0.3852379829287,0.8835851307292055,0.7994238019273883,0.6774920803319656,0.7856253587543629,0.8470276515709951,0.8042400245075465,0.7988055049343248,0.7251563414207267,0.7827285459638398,0.7657294265161199,0.7585594255354391,0.8422159515321277,0.7807424832460695,0.8381053205777,0.8795213733146259,0.7760285402775411,0.75469163103838,0.8267660878353433,0.7867586805486838,0.794560350378141,0.8550082146379547,0.832865581297454,0.855439498299686,0.8484998277385821,0.8276390292161819,0.8479871013164534,0.7788016950018846,0.8439666671266207,0.8236682841249789,0.8207014658954133,0.7261880542730922,0.7705870692111227,0.7701839775082242,0.7862010007764859,0.7802503290224593,0.8401115178791981,0.838520415617812,0.8145135172905026,0.7822485206488075,0.8319216711074668,0.8033550939127528,0.7664050418454902,0.7496983502561597,0.792982242321657,0.8028507279712677,0.7598732593949614,0.8309944495166881,0.8191155560524286,0.7302350104166132,0.7903934300993123,0.8133915813800263,0.8238477788863514,0.7781541589289079,0.5369754703594221,0.8212774518456987,0.8190626924170338,0.8057972459466384,0.8312096447876005,0.7975613768617335,0.798996171157377,0.8435684152448859
Saek,0.8857102579189963,0.8811120189027162,0.9061392356295273,0.8945956160241877,0.9021302219063421,0.8940962496109558,0.9142124923870958,0.900109561220672,0.8948370669244456,0.9004156430843285,0.0,0.8905209305944607,0.888195896244677,0.8985027108813524,0.8851626548055123,0.8863652124574459,0.8870736778432154,0.8882733255903988,0.8898774778586916,0.901895626356058,0.8911319503959103,0.8937137903555818,0.8875546791777161,0.8781644800777456,0.8839953638220962,0.8774293342652723,0.8941829444268475,0.9026542759961128,0.8717767857142857,0.9039283910533911,0.8806833380660192,0.8949728736743303,0.8868979200875751,0.905197132616487,0.9017261904761906,0.9199685003343538,0.9230362230362232,0.8933015318015319,0.8962891899399835,0.714509169363538,0.8743252526340763,0.8808418671820739,0.901519247831803,0.9047784071720243,0.8865731785944554,0.8937476693094674,0.8868349422216826,0.8983243008052165,0.8747443071833317,0.8868484496533283,0.892498205312276,0.881556153873227,0.9043991089094185,0.6990604575163397,0.8928509535127183,0.8848383147585278,0.903123272526258,0.8695506134625308,0.8883792405851232,0.9147186147186148,0.8863331688461223,0.8946792824220007,0.8878817287784678,0.9013955203293443,0.8917271617271622,0.8975847275847275,0.8974510843941539,0.8972849854227404,0.9087867344067219,0.9009736317113363,0.8659500118455346,0.8851770506182269,0.8907531824611037,0.8754330764086863,0.8955338064713071,0.8916341399947958,0.9095357217308441,0.8872196085250277,0.9157641308555943,0.8915778251599152,0.8880339799089803,0.8794289363254878,0.8815820543093273,0.8796877833763082,0.8792121564072788,0.9110080143168383,0.9163494185553007,0.8725734663234661,0.8665831529581531,0.9005797927953618,0.9006275470561182,0.90619918699187,0.909773544442053,0.8867750677506775,0.9025512265512263,0.8933919022154315,0.885588463027488,0.8772580775118851,0.9271950974482618,0.9181827337918709
Surigaonon,0.773356997270041,0.7929028766238063,0.8423778851315085,0.8638471177944866,0.8530881659594534,0.7984049554781263,0.8344163731005838,0.7842891563075045,0.7196068692445498,0.7845538082195183,0.8905209305944607,0.0,0.6966626192235942,0.6651428013746854,0.7348599184664758,0.5225224989717743,0.7719260081069125,0.7803532901833871,0.7822449867177088,0.7873015873015868,0.8068399356087799,0.809006614947209,0.7683653875060124,0.8090127465127467,0.7787153750389044,0.7746801594739737,0.7862533097969994,0.6942309241801623,0.7932078029231495,0.8450598737912172,0.6312192065529671,0.8527488480387032,0.8348665223665223,0.7479806707629285,0.8418749451898622,0.8583037377940291,0.853786038224814,0.8522980320010025,0.7870670776591825,0.8564929836668969,0.6761846567671805,0.8200019780789013,0.79693394599219,0.8490015422555108,0.6749892542445733,0.719590759953888,0.8002211104113277,0.739233942478217,0.7963517159169337,0.804301335126578,0.8452123015873018,0.8155939182768454,0.8499302426598342,0.8497198879551823,0.8100542005420056,0.7904216007390609,0.767088904527328,0.7989300854585829,0.6901393728222996,0.8277069095597017,0.8364936914936916,0.8545698531205784,0.6913871821129886,0.8542630269459544,0.8663362563362569,0.7893693693693694,0.8067187986305632,0.7367358651449556,0.8382927133983514,0.8074833029751064,0.7742141684259909,0.8163990074965689,0.7591680350301038,0.7846989310581545,0.8359526223933003,0.816202028087274,0.6419488009293837,0.7143477301565534,0.8496464646464643,0.7095589960121977,0.759488160354497,0.7865374149659864,0.6930475495983517,0.6851413984566157,0.7612209123131453,0.7963685636856372,0.8740916129940524,0.7909475870885259,0.7895735966631491,0.8293817127649461,0.7163258265717276,0.8004256854256853,0.8131943951616086,0.7446081830790566,0.8422432900432899,0.751551418439716,0.7868084450608723,0.6790045121263399,0.8450733752620542,0.836443762825673
"Bontok, Guina-ang",0.8033633700701011,0.7841370300672621,0.8671722374847378,0.8562299688615479,0.8721022102210221,0.8325608722453387,0.8623211291632341,0.814820493292715,0.7492195304695307,0.8125412042126534,0.888195896244677,0.6966626192235942,0.0,0.680725871350871,0.7501904288789535,0.6989881646131646,0.8219094018779801,0.8011040355243251,0.7997739103897193,0.8317974192074906,0.8252246490882854,0.8345409540954102,0.7722107608826354,0.8541695050578307,0.815843516089821,0.8082797815310769,0.793090672076179,0.7232125460551857,0.8328243538639579,0.8633423790140209,0.6225036445511407,0.8895068473193477,0.8881950113378686,0.7624711981566816,0.8535440902199142,0.8750341486991975,0.8583432219219026,0.8484334626125677,0.8039992536703059,0.8522243381618385,0.663150751687337,0.8371294944371871,0.8162576971982914,0.8610137657756708,0.7106280853649274,0.7509087281433645,0.8345984144061066,0.7623764703310154,0.8112955140867764,0.7941563669824541,0.8636286075036075,0.8284434941752012,0.8679413179413181,0.8592520209025066,0.8278372575933549,0.8092428847747993,0.8217892329345532,0.7923894758091645,0.7244180711413719,0.8518084889297008,0.8722242677139588,0.8500758189460118,0.7098430248430243,0.8580750964246111,0.8787599437599444,0.812072918121305,0.8410461406784937,0.7781238783776854,0.8695065938539897,0.8358530661809354,0.7872603331761749,0.827147165132602,0.7828449056390231,0.8066573254979053,0.8373198678283417,0.8129665113271667,0.7283403526157151,0.7524618470959932,0.8712229871868427,0.6973183032588967,0.7795222466864256,0.8120488570772664,0.716070569641998,0.7063252213252207,0.7939862740587379,0.8413700107874865,0.8923283356210188,0.802244208494208,0.8272661520198468,0.8380668934240357,0.7459837759837756,0.8326231332255427,0.8406206877518355,0.740006517905068,0.8607769119769119,0.7384053298946911,0.8363812381928324,0.7129627807658113,0.8600865800865799,0.8599966111329752
Kapampangan,0.7593741311598458,0.7615244584475352,0.8420849652992514,0.8597706685403022,0.8680525493025503,0.8095838189588189,0.8477757919164173,0.7365972966890397,0.6960336356764928,0.7913941817394506,0.8985027108813524,0.6651428013746854,0.680725871350871,0.0,0.7407889707889701,0.5512868480725622,0.76768107261854,0.7814425871842142,0.797978811835694,0.7577545866831573,0.8049864718614712,0.805233179130238,0.7647085732137279,0.8023553916769995,0.7643773976700805,0.7739217264217262,0.7621455498249755,0.690947341324225,0.7969597452356073,0.8205394906133825,0.587934941291158,0.8512489692846839,0.8190918466342195,0.722559884559885,0.8338899626943106,0.855016164391164,0.8381633999724453,0.8352341828942822,0.7828187871156619,0.8761130007558587,0.6585365117973807,0.8025705020602976,0.7946123369133749,0.8204630448085949,0.6770682387787648,0.7199016606475167,0.8009158112418978,0.6911662272564527,0.7720238095238096,0.782487209759937,0.863013622790851,0.8011831566179396,0.8197299316588651,0.8888636189360833,0.8069804323427512,0.7924071542492599,0.7775637032344352,0.7677331927331931,0.7055810508935507,0.8391498917748921,0.8273551844980421,0.8583510537081973,0.7039229190298709,0.8422935371252679,0.8599528643944891,0.7791304951732758,0.7803206300172315,0.7568698470708525,0.8203169172300523,0.7911349520045172,0.7595750926633278,0.8060458638583642,0.748856631502263,0.7829958850293774,0.8397376032207491,0.7909506556245679,0.6649620846989268,0.7346528404499414,0.8506917279507643,0.691986567354214,0.7544250700038876,0.7874374836022557,0.6920835337502003,0.6973536523536524,0.7470860346458434,0.7731563575313576,0.8762004098960621,0.8015231412882416,0.79884984296749,0.7992097849240702,0.7276034151034144,0.798270571463342,0.8032545956459001,0.7470618695499077,0.8265784259831876,0.7473598769651398,0.775160180064486,0.6848105969965261,0.8265214646464647,0.828010461760462
Kavalan F69,0.8039277689277688,0.7758210770710767,0.8447854997855002,0.8521488907453818,0.8948938875734462,0.8334433229813661,0.8430761583377859,0.7913471449185729,0.7804155454155449,0.8167349070721832,0.8851626548055123,0.7348599184664758,0.7501904288789535,0.7407889707889701,0.0,0.7367846417846411,0.8171778292343047,0.8144819703243609,0.823063593439316,0.8018764611787861,0.8172359631629288,0.8361495388669297,0.7585281385281379,0.8136481184233996,0.8150099748460404,0.8154550783812141,0.8091757341757339,0.7519995590828918,0.798822825219473,0.8367166986019446,0.7329168847025986,0.8624532974532974,0.8618570423950169,0.730203982177666,0.8489297739297736,0.8773010023010025,0.8561541950113378,0.8564079413526925,0.8282177853011186,0.8665315315315321,0.7440829965420127,0.8356589380433309,0.8047967905110759,0.8268429729185538,0.742670540438397,0.7344982563732558,0.8264541679212332,0.7873947574734973,0.8112532545956459,0.817343465713031,0.8587715855572996,0.8249408605965985,0.8549960832817974,0.8690323565323566,0.8244326024217322,0.825270774976657,0.784761904761905,0.8084951671543844,0.7665517390927222,0.8262751917246297,0.8660952380952383,0.8538071838071839,0.771174136321195,0.8634427091628174,0.8784875951069135,0.7939395943562608,0.8236231693414012,0.8121704053522234,0.8406495862378218,0.8314822735481413,0.7989191440848898,0.8247847325716177,0.7731990231990231,0.8015437762720365,0.8539366763504692,0.817345395788509,0.7564656659765354,0.723326231155901,0.856046075837742,0.7798985890652549,0.7847453421348444,0.8173204110704102,0.7482122335415744,0.7516390902893966,0.8081629572118701,0.8209993961352658,0.8907884465261517,0.8211787184009405,0.805625114603015,0.8117748917748913,0.7954943373125191,0.8221444658944654,0.8401831599200016,0.5285392535392535,0.8273407271194877,0.7278403209109727,0.816839003387917,0.7463902417027409,0.852876984126984,0.8583549783549783
Tagalog,0.7670005787862935,0.7769637627329933,0.8454248264962557,0.8742934203667192,0.8543664940723769,0.7975937257187261,0.8328514367576868,0.7593818261249451,0.7158659726516865,0.7857520830027225,0.8863652124574459,0.5225224989717743,0.6989881646131646,0.5512868480725622,0.7367846417846411,0.0,0.7718650718455305,0.7755119548181751,0.7883899571892299,0.7629535147392285,0.7905319264069264,0.8007833941657472,0.7679813599916689,0.8077303907705917,0.7698813923204166,0.7713565138565142,0.7750766378756816,0.6601274772129038,0.787873012318825,0.8330861393669277,0.5853617629933414,0.8481307977736553,0.8269926871621782,0.7216883116883114,0.8273831844484016,0.8350956335331333,0.8454032427650522,0.8355399663281441,0.8003405087389459,0.856959389816533,0.6552647164966002,0.8158537749098973,0.785314703718683,0.8315437471196636,0.6369643806485911,0.7273604234930191,0.8038579476079476,0.7188916555457908,0.7927173520923525,0.7867176550190904,0.841495578129242,0.8116417801200411,0.8304940265600166,0.8759834368530025,0.7922067465545725,0.785995860864282,0.7667953929539297,0.7894618344618345,0.6902545371295372,0.8254837662337665,0.8400933533586599,0.8548155812441534,0.6732294295128521,0.8327712351750814,0.8616256839607097,0.7759800063276,0.7571686875691734,0.7504437773281991,0.825877760803318,0.7857180108538803,0.7622992884022295,0.807359133921634,0.7480370627215285,0.7788367268032341,0.8289573878057024,0.8161673019009968,0.5741542083647346,0.7152185576098617,0.8370790521392928,0.7132001032736321,0.7450929202160733,0.7783726059294239,0.6437286699191459,0.6425049725049724,0.7457144928436795,0.7456233003108005,0.8792434350405365,0.7836919046650584,0.7894887247828426,0.8131446265374832,0.7015568511536254,0.7886044176706827,0.7927565640880857,0.7472429351615955,0.8369385464623553,0.7449937343358395,0.7386548326739718,0.6284039243838238,0.8179586038961034,0.8316260822510825
Gumawana,0.7612935021090304,0.7902179251176743,0.83858565367815,0.896949698851873,0.8643027735466956,0.7487081132925325,0.8463415528712462,0.8105613136863139,0.7946257125712569,0.6949597779711911,0.8870736778432154,0.7719260081069125,0.8219094018779801,0.76768107261854,0.8171778292343047,0.7718650718455305,0.0,0.6650474163957742,0.6288280753033321,0.8115411981624044,0.7099422055607616,0.8394611644478066,0.8428488233454281,0.7843802570486507,0.7647865953142333,0.6487117012910664,0.732273195804225,0.7977502832288755,0.7690439379214891,0.8271791808393467,0.7654570032512374,0.8467879306727667,0.8129167505620993,0.7934119171500534,0.8306672193952898,0.8583293935596567,0.8405875963730007,0.8476818635909549,0.7020444522778987,0.8723542185045572,0.8114645033329237,0.7090268889097014,0.7519809330658669,0.8374457452982642,0.7992235708025179,0.7912862638134865,0.7215317116155101,0.7836749945960467,0.7620988455988454,0.7741268594371504,0.8474725356033007,0.7903005476993844,0.8253265640700193,0.8847061978839288,0.778652625882889,0.7366134316134315,0.8244849286515952,0.7902681889106282,0.7866645211513634,0.8412689552163239,0.7956208703577128,0.8472592184030433,0.8216600859457998,0.8460229228533028,0.8662662824759826,0.7921713416074321,0.8575664655210107,0.8132313138789823,0.8176266728925131,0.7276004256451182,0.755185832216289,0.7841512419674241,0.7876420436655822,0.7655083453394533,0.8416704565275992,0.8008964038458416,0.8006077624824368,0.7892413704716336,0.8439330148171607,0.7995632343846628,0.7742069155334461,0.76354093258163,0.7955435876416995,0.7986309945739769,0.7427121531402757,0.833445745044429,0.8555721690590116,0.7607753924080453,0.7531937722328468,0.8142673488128027,0.7899105708352578,0.798618082667162,0.7174352653519319,0.8164899093807185,0.8290880534670007,0.8247027674335692,0.848483270969524,0.7906253449932233,0.8300472881683063,0.8195480445480443
Kilivila,0.7461289242389719,0.789917262224954,0.864893293840663,0.8886403508771932,0.8544002658534683,0.6451903998778987,0.8146816580410331,0.7949090775479659,0.8064855665334136,0.7037562642002964,0.8882733255903988,0.7803532901833871,0.8011040355243251,0.7814425871842142,0.8144819703243609,0.7755119548181751,0.6650474163957742,0.0,0.7113927912312548,0.8352380952380949,0.7622513723016237,0.8232090432829349,0.8398920739594312,0.7869067660734326,0.7518382352941172,0.70916622037756,0.7638979076479081,0.8013407888407883,0.7937166038032372,0.8227290586201478,0.759550981012401,0.8636846075243205,0.8139114357864354,0.7963111111111109,0.8196294194935498,0.8410981798662956,0.8447674882348253,0.8483067537522988,0.746639892974971,0.8694615326194275,0.8097194807339734,0.7526479331326268,0.7699000289771079,0.8221381104275842,0.8042291334396598,0.7964949094115757,0.7535940531842167,0.7747138593729501,0.7707703327268544,0.778716075591076,0.8506791439627264,0.8046823995853124,0.8341960052419235,0.8824799660964711,0.7931149217556978,0.7621987066431504,0.8379940865234987,0.7753127742818466,0.8042308872019014,0.8393560606060605,0.8194688644688648,0.8317524315131972,0.8213859020310634,0.8324489654199799,0.8605515799393355,0.7706199863457922,0.8417982965543942,0.8446984272741851,0.8189787725324136,0.746400381646283,0.7528598795840172,0.7970414984907743,0.7999457994579942,0.7879405316905314,0.8177463610047875,0.8252933057280883,0.7989796752954648,0.7822141989617716,0.8623254924459746,0.8113476425052779,0.7697357029659004,0.7911187770562773,0.8068080655382243,0.8034300534300529,0.7566792582417583,0.8271681619507708,0.8528663892741569,0.7520860145860144,0.7793059020891527,0.8249527588813301,0.8060204580365872,0.8206851214381338,0.7381293418178665,0.8040693681318678,0.827868251677775,0.8321659528008731,0.8264268717393718,0.804233468931961,0.8596354166666667,0.8363708513708511
Molima,0.75733283544836,0.7946779424782389,0.8510333023219621,0.8955813748196433,0.8656691313502461,0.7658081758737043,0.843707661032512,0.8228296955569678,0.8023246285753869,0.6613836655225372,0.8898774778586916,0.7822449867177088,0.7997739103897193,0.797978811835694,0.823063593439316,0.7883899571892299,0.6288280753033321,0.7113927912312548,0.0,0.839516596812093,0.6901782984532143,0.8247861306220443,0.836310865967729,0.7788353386469189,0.7702655822283985,0.6153447867967,0.7392375623631338,0.805070062376564,0.8059477391060027,0.8514879948353339,0.7625573920169736,0.8733814018001409,0.808732821090922,0.8265464239922443,0.8393340042978847,0.8748614900626479,0.8622112025053202,0.8612914964937026,0.6652394860580053,0.8896761793896424,0.8162958246138392,0.672699622212047,0.7720603823852973,0.8511066914652506,0.8139936304040583,0.7829777484897956,0.7193133911326242,0.7929391069634967,0.7738024533582446,0.7840135786188822,0.8579223317663078,0.7984413113778926,0.844577296740832,0.8880600689732201,0.801964520122094,0.7591793666528472,0.8326867192281423,0.8028195355603243,0.8078693530385094,0.8441682103446813,0.8267463167463167,0.8736884872421565,0.8329288197258464,0.8469114513611181,0.8756237915061442,0.7784076875505439,0.8454626732200262,0.8323582771997892,0.8184186854517361,0.7580389754565199,0.7730966797220663,0.8000383110217667,0.8149548705508456,0.7976774241708714,0.8324213590485781,0.8441506319439,0.826975519485425,0.8034152343435431,0.8397981411254897,0.8378504201337021,0.7482184417749432,0.7770411432266354,0.7946692001922617,0.8008232956891365,0.7787686990445299,0.8280339452214456,0.840525023383479,0.7570185980641255,0.7777308588713471,0.8547020167332665,0.8228024973872718,0.8009762942000536,0.6620230654268987,0.8184823574948539,0.8379508840002355,0.8325867284740662,0.8510570324727594,0.8082253434245846,0.8344718798331107,0.83986321369608
Babuza Ts82,0.7968362193362192,0.7888420580281041,0.860303287981859,0.8872859642544682,0.8899363912231556,0.8459632294164662,0.8635368984249576,0.7856384269935671,0.8284552154195007,0.8327403556943196,0.901895626356058,0.7873015873015868,0.8317974192074906,0.7577545866831573,0.8018764611787861,0.7629535147392285,0.8115411981624044,0.8352380952380949,0.839516596812093,0.0,0.8296605120468752,0.8395506971046536,0.8159219001610302,0.8342723857991032,0.7968137254901956,0.82041958902424,0.7917736033807458,0.7834636342099024,0.8357347105508866,0.8550144300144297,0.7793707890830187,0.8596735209235201,0.8557504873294343,0.7451460317460314,0.8470083085317452,0.863795716673414,0.8775480367585626,0.8590624190624186,0.8403619804739203,0.8856887755102035,0.7976719907077046,0.8439544686725131,0.8386217260626875,0.8462290818634098,0.7705211455211453,0.7875126930682479,0.8474110343061951,0.80082211366615,0.820903277378097,0.8378377817226738,0.8737570028011201,0.8336422902494325,0.8396876127344872,0.8872642051989875,0.8259789570940643,0.819014041514041,0.4437463793303208,0.8075655273416464,0.8189527260179428,0.8390997274330603,0.8505772005772002,0.8740921974850541,0.8178786760182106,0.8327294685990336,0.8734740798173631,0.8078754578754571,0.8526325626869102,0.8293520368520364,0.8563627889840437,0.8372344322344321,0.8133461718020537,0.8390487609912068,0.8272467740093636,0.8391458261961855,0.8445667849211151,0.8448161012114496,0.8218310657596368,0.8126090093481395,0.8661118134569458,0.8273401027077495,0.8258457433089784,0.8307022809123645,0.7697042406344727,0.7746392496392487,0.8072627612195948,0.8063118242466064,0.8864909297052148,0.8242242242242235,0.8245944849959441,0.8370701058201054,0.7868337304383812,0.8467545351473921,0.8438355327468227,0.8257051501655814,0.843658155903053,0.8116161616161612,0.8183053557154274,0.7764106129069627,0.8708296590241029,0.8599677478408818
